0.99802494
0.00354274
0.0214862
0.02252956
0.00797081
0.00417491
0.00416905
0.00708841
0.01855953
0.03473235
0.03022965
0.00833371
0.00187161
0.00347543
0.0070489
0.01471241
0.99805713
0.00399783
0.02675122
0.01775756
0.00675622
0.00357785
0.0028418
0.00350469
0.00632307
0.0202028
0.03408106
0.02795993
0.01029163
0.00371541
0.01143742
0.01069112
0.99769276
0.0045783
0.02722112
0.0168534
0.00598104
0.00308925
0.00211509
0.00193225
0.00232718
0.00340227
0.00603516
0.02104261
0.03868295
0.02892664
0.02603778
0.00152561
