0.000000
1.792468
0.385962
0.899682
0.444277
0.459330
0.614216
0.000000
0.000000
0.425689
0.000000
0.004415
0.018760
0.000000
0.115900
2.113917
1.418772
0.024119
0.000000
0.000000
0.000000
1.329162
0.685241
1.754863
1.201889
0.046992
0.265299
0.204074
0.549549
1.132260
0.000000
0.000000
0.218931
0.773427
0.000000
0.046977
0.040166
2.188676
0.000000
0.262402
0.021213
0.739513
0.000000
0.022113
0.414734
0.000000
1.039376
0.155276
0.400855
0.663920
2.195779
0.000000
0.000000
0.000000
0.010668
0.131051
0.000000
1.001730
1.524965
0.000000
0.413756
1.823382
0.000000
0.000000
0.893324
0.016674
0.000000
0.000000
0.010645
0.466464
0.018273
0.464377
0.000000
0.000000
0.402573
1.539999
0.793695
0.000000
1.204681
0.000000
0.000000
0.000000
0.470775
0.030376
0.000000
0.033498
0.621760
0.000000
0.380147
0.000000
0.000000
0.000000
1.293171
0.358368
1.064407
0.189987
0.524513
0.000000
1.022158
2.425718
0.103986
0.760075
0.815511
0.000000
0.000000
1.308896
0.895881
0.094759
0.000000
0.457173
0.356253
1.146603
0.000000
0.113407
0.555243
0.000000
0.980636
0.470826
0.112627
0.000000
2.547588
0.000000
0.403915
0.021974
0.069492
1.336829
1.960174
2.421871
1.578545
0.051973
1.505703
0.485477
0.026536
1.210298
0.000000
0.000000
0.038113
0.003292
0.000000
0.099214
0.000000
0.000760
1.014639
0.000000
0.207308
0.097139
1.523485
0.179936
0.663625
0.374749
0.046809
0.179569
1.669958
1.491726
0.503645
0.000000
0.000000
0.009054
0.000000
0.079129
0.309792
1.420545
0.231194
0.000000
1.057419
0.000000
0.481270
0.019308
0.001180
0.000536
0.000000
0.051090
0.000000
0.056047
0.760494
0.000000
0.038518
0.965976
0.000000
0.015992
0.094820
0.513184
0.045692
1.383907
0.000000
0.460232
0.053774
0.000000
0.008452
0.000000
0.033776
1.218669
0.047171
0.000000
0.441332
1.285593
0.759340
1.735184
0.002234
0.416663
0.051315
0.006241
1.807069
0.056749
0.520242
0.000000
0.000000
0.312851
0.000000
0.242680
0.687085
0.198435
0.789082
0.000000
0.349653
0.711039
1.649682
0.664233
0.538911
0.014480
1.015255
0.000000
1.346018
1.120394
1.257641
0.038921
1.427820
1.011360
0.000000
0.340424
0.098088
1.051024
0.000000
0.004389
0.414989
0.628861
0.408105
0.128866
0.000000
0.109598
0.651508
1.549577
0.740009
0.124264
0.039704
1.221056
0.695836
0.000000
0.767950
0.001422
1.084430
0.456310
0.000000
0.067848
0.000000
0.018334
1.011301
0.000000
0.058342
1.267880
1.312862
0.049698
0.000000
1.221599
0.860799
2.468657
0.000000
0.000000
0.000000
0.007555
0.212262
0.330563
0.000000
0.023070
0.376847
0.043318
0.359752
0.008218
0.172275
0.079804
0.000000
0.612712
0.000000
0.003035
0.017646
2.057839
0.078375
0.353864
0.015465
2.027792
1.753734
0.006326
0.876680
0.887864
0.451755
0.537376
0.029141
0.426954
0.111417
0.965414
0.405018
1.776978
0.000000
0.000000
0.274231
1.258587
0.282890
0.000000
0.129502
1.079192
0.001552
0.524761
0.080642
0.280179
0.059997
0.000000
0.000000
1.549956
0.978554
0.463539
0.471715
1.215244
1.394521
0.529060
0.063775
1.012335
1.780694
0.000000
0.000000
1.135557
0.000000
0.188627
1.571123
1.569101
0.067622
0.620692
0.459160
1.370115
0.000000
1.459333
0.607942
0.000000
1.431816
0.454465
0.000000
0.104985
0.811821
0.016335
0.882906
1.283960
0.000000
0.827551
0.376422
1.072326
0.341932
0.537138
0.000000
1.610661
0.931168
0.000000
0.145450
0.000000
0.566164
0.518041
0.000000
0.337543
0.000000
0.184924
0.000000
0.000000
0.111644
0.093354
0.110494
0.000000
0.120284
1.361427
0.003130
0.403715
0.953813
1.266939
0.042459
0.107725
0.297140
0.000000
0.000000
0.268559
0.009791
1.220387
0.164801
1.532599
0.000000
0.878082
0.832163
1.126468
0.428394
1.314267
1.784070
0.000000
0.011645
0.000000
0.000000
0.000000
0.000000
0.000000
0.000000
0.716101
0.000000
0.029393
0.000000
0.484355
0.477030
0.000000
0.052369
0.645612
0.000000
1.885228
0.070624
0.001715
2.111433
0.015285
0.557879
0.000724
0.511170
0.138537
0.036473
2.016241
0.000000
0.000000
0.000000
1.608933
0.416447
0.416968
0.000000
1.108237
0.801255
0.000000
0.413640
0.012550
0.000000
0.507668
1.354479
1.599666
0.077813
2.093298
0.205667
1.856883
0.077264
1.044828
0.244415
0.000000
0.011293
0.051861
0.008071
2.267229
0.582628
0.000000
2.121981
0.003080
0.955821
0.056473
0.238740
0.405237
0.125779
0.000000
1.318932
0.000000
0.001579
1.169400
0.155897
0.009569
0.375309
0.285514
0.000000
0.012741
0.107060
0.000000
0.561090
0.034557
0.098986
0.005047
0.251562
0.247230
0.008452
0.000000
1.654219
0.000000
0.000000
0.067997
0.217724
0.460063
0.239500
0.005953
0.002526
1.527181
0.000000
0.468999
0.232267
0.000000
0.000000
1.471522
0.010213
0.027206
1.809066
1.371993
1.497242
0.000000
0.500033
0.396800
0.003382
0.000000
0.599970
0.115408
0.567810
0.233479
0.491705
0.996223
0.000000
0.096513
0.110441
0.142705
0.041489
0.000000
1.789507
0.081055
0.008190
0.189682
0.000992
0.000000
0.105566
1.921574
0.000000
0.019686
0.100018
0.486522
1.563253
0.011956
0.000000
0.000000
0.000000
0.000000
1.730171
0.141178
0.000000
0.000000
0.000000
1.893237
1.528774
0.511728
0.000000
0.083817
1.529734
0.000000
0.648672
0.120541
1.740196
0.002536
1.406016
0.671521
0.070487
0.031546
0.213246
0.000000
0.269146
0.681594
0.000702
0.000000
0.271914
0.000000
0.000000
0.565990
0.096876
0.366903
1.995398
0.000000
0.400287
0.340515
0.039116
0.000000
1.151835
0.759160
0.067661
0.000000
0.097597
0.200934
0.000000
0.138608
0.371168
0.141764
0.041478
0.000000
0.059347
1.004393
0.000564
0.635727
0.000000
0.029109
0.213639
0.936965
0.000000
0.066152
0.061342
0.000000
0.540038
0.669544
0.469688
0.000000
0.001379
0.171233
0.156716
0.000000
1.020408
0.027843
1.132409
0.012897
0.000000
0.295082
1.667338
0.013389
0.002736
0.318992
0.098183
0.200305
0.000000
0.000000
0.164403
0.963470
0.034784
0.458756
0.000000
0.009047
0.043260
0.000000
0.000000
0.751842
0.660333
0.000000
0.914798
0.000000
0.505344
0.044524
0.057030
0.753917
1.948618
0.060245
1.305206
1.068019
0.290860
0.262853
2.132162
0.142097
0.036609
0.080384
1.414922
0.273292
0.925730
0.037428
0.000000
0.000000
0.159823
0.000000
0.052239
0.000000
1.776375
0.000000
0.325971
0.014469
0.005862
0.142569
0.000000
0.802497
0.313045
0.071839
0.022276
0.337074
1.043607
0.000000
0.044512
0.225220
0.300629
0.029020
0.454267
0.028642
0.317713
0.235219
0.499101
0.000000
0.061725
0.028125
0.000000
0.076211
0.236741
0.002895
0.000000
1.734400
0.023589
0.000000
0.048697
0.000000
0.511490
0.000000
0.258511
0.732044
0.049733
1.066736
1.644106
0.223012
0.292932
0.259499
0.000000
0.124103
0.092084
0.021332
0.196546
1.427828
0.000000
0.018238
0.014681
0.086140
0.424111
1.627858
0.242221
0.003080
1.713858
0.020577
0.251281
0.621862
0.193332
0.000000
0.033552
0.644113
0.073492
1.496988
0.017733
0.000000
0.544129
0.007358
0.000000
0.046728
0.490476
1.734418
0.258072
0.372550
0.001358
1.745967
0.000000
0.001764
0.000000
0.015587
0.000000
0.023707
0.000000
0.000000
0.170728
0.000000
0.000000
0.000000
0.145981
0.000000
0.072429
0.192259
1.437170
0.101530
0.076309
0.127947
0.000000
0.130659
0.000000
0.023847
1.153903
0.104817
0.000000
0.150318
0.053528
0.413596
0.000000
0.016032
0.004789
0.000000
0.000000
0.924674
0.000000
0.000000
2.678379
0.038787
0.014681
0.130897
0.000000
0.849751
0.000000
0.302941
0.406151
0.013668
0.010671
1.222453
1.895153
0.122927
0.000000
0.142500
0.115102
0.000000
0.000522
0.104111
1.490910
1.869291
1.002988
0.162233
0.000000
1.501106
0.214371
0.098324
0.251205
0.169340
0.189422
0.000000
0.251353
0.040740
0.309697
0.000000
0.464244
0.000000
0.098460
1.939135
0.000000
0.003496
0.682871
0.122314
0.643486
0.000000
0.144827
0.380313
0.000000
0.109847
1.281798
0.086560
0.323891
0.125269
0.494783
0.000000
0.935702
0.452817
0.000000
1.286602
0.000000
0.107467
0.000000
1.173852
0.033282
0.012596
0.018860
0.267981
0.000000
1.539826
0.125030
0.000000
0.769998
0.643847
0.008058
0.089806
0.041988
0.158957
0.873795
1.978307
0.248507
0.000000
0.628470
0.897104
1.113602
0.125438
1.639213
0.925495
0.947043
0.025087
0.061983
0.009433
0.379709
0.000000
0.253287
0.000000
0.000000
0.979107
0.510960
1.114507
0.137648
0.527066
0.032161
1.100758
2.309185
0.041333
0.247376
0.000000
0.130121
1.391057
1.140524
0.308914
0.000000
0.000000
0.040577
0.026025
0.068689
0.235960
0.078980
0.690424
1.385094
0.522858
0.008151
0.038314
0.090598
0.000000
0.057553
0.654544
0.670705
0.176266
0.000000
1.142119
0.000000
1.328620
0.056730
0.202901
0.137790
0.280284
0.405033
0.285809
0.064866
0.748930
0.000000
1.824947
0.086484
0.000000
1.055177
0.000000
0.210303
0.000000
0.243276
1.376923
0.033876
0.000000
0.168165
0.375696
0.000000
1.005704
2.257544
1.230350
0.076259
0.103652
1.164145
0.568000
0.096589
0.000000
0.000000
0.000000
0.000000
0.030612
0.024020
0.833335
1.093574
0.049241
0.000000
1.063885
0.000000
0.000000
0.485555
0.017670
0.726888
0.000000
0.002305
0.092831
0.180547
0.079739
0.039872
0.095844
0.000000
0.007041
0.000000
1.299794
0.289833
0.402400
0.328410
0.284914
0.000000
0.000000
0.094443
0.102729
0.066497
0.077022
0.277946
0.040324
1.532442
0.000000
1.137391
0.000000
0.000385
1.108272
0.410445
1.329457
0.027189
0.959563
0.068406
0.809757
0.007643
0.000000
0.447394
0.000000
0.000000
0.929156
0.012081
0.034327
0.000000
0.000000
0.000000
0.662276
0.121888
0.000000
0.057454
0.573230
0.961681
0.001904
0.022809
0.005568
0.000000
1.494638
0.006738
0.000000
0.257070
0.003559
0.441954
0.000000
0.079029
1.079283
0.050480
0.442223
0.000000
0.000000
0.159741
1.835938
1.210343
0.499964
0.180694
0.000000
0.550938
3.291150
0.000000
1.199798
0.003718
0.000000
0.001838
0.000000
0.011736
0.053844
0.197325
0.000000
0.386796
0.011946
0.439677
0.683025
0.020371
0.115398
0.031170
0.000000
0.000000
0.129542
0.397681
0.996090
0.338650
0.000000
0.049204
1.598182
0.019844
0.486782
0.000000
0.000000
0.137821
0.410811
0.000000
1.193517
0.572365
1.110196
0.000000
0.583679
0.058071
0.678085
0.165963
0.000000
0.449504
0.000000
0.000000
0.664422
1.963266
0.056998
0.140566
0.000000
0.020413
0.000000
1.134164
1.268394
0.000000
0.057655
0.050802
0.022439
1.330147
0.324726
0.000000
0.201425
0.623214
0.381261
0.988859
0.000000
0.208868
0.000000
1.677792
0.000000
0.109679
0.136676
0.000000
0.033484
0.421139
0.000486
0.000000
0.462961
0.000000
0.949940
0.025430
1.292820
0.907064
0.614117
1.177745
0.581323
0.575685
0.000000
0.000000
0.000000
0.045705
0.015547
0.041418
2.130208
0.000000
0.000000
0.145072
0.000000
0.211809
0.014970
0.540791
0.089898
0.000000
0.035059
0.507246
0.420932
0.000000
0.023687
0.056469
2.261136
0.129079
0.381994
0.216640
1.410720
0.032609
1.296848
1.046816
0.038417
0.000000
0.332453
0.035757
1.198361
0.000000
0.000000
0.232255
0.000000
0.003030
0.000000
0.054335
0.000000
0.000000
0.014120
0.002881
0.338178
2.269356
0.348534
0.673837
0.000000
0.285325
0.277266
0.087040
0.000000
0.126043
0.010614
0.000000
0.417370
0.000000
0.067965
0.537786
0.127825
0.004736
2.122148
1.049116
0.021366
0.369904
0.024297
1.903497
0.000000
0.064195
1.253603
0.849158
1.070313
1.346217
1.777155
0.033266
0.067109
0.130046
0.000000
0.566983
0.735999
0.559566
0.026431
0.022368
0.005525
0.331547
0.627890
0.128146
0.261941
0.000000
0.599123
1.134192
0.259131
1.073344
0.830001
0.000153
0.000000
0.000000
0.150103
0.123609
0.000000
2.622351
0.016212
0.000000
0.398763
0.000316
0.000000
0.000000
0.045454
0.000000
0.328952
0.056391
0.159571
0.175370
0.000000
0.055830
0.245911
0.885955
0.232416
0.009144
0.029190
1.148561
3.428062
0.047804
0.415121
5.061399
0.559033
0.245270
0.000000
1.660773
0.000000
0.012579
0.457239
0.676328
0.053116
0.000000
0.063571
0.206667
0.208052
0.000000
0.085315
0.330584
1.255537
0.037967
0.329652
0.119850
0.000000
0.000000
0.013049
0.240601
0.000000
