0.9979979395866394
8.442727448709775e-06
0.0
0.0
0.0
0.0
0.0
0.0
7.176318467827514e-05
6.75418195896782e-05
0.0
0.0
0.0
0.0
0.0
0.0
0.0
1.2664091627812013e-05
0.0
0.0
0.0
0.0
0.0
0.0
0.0
0.0
0.0
0.0
0.0
0.0
0.0
0.0
0.0
0.0
0.0
0.0
0.0
0.0
0.0
0.0
0.0
0.0
0.0
0.0
0.0
0.0
0.0
0.0
0.0
0.0
0.0
0.0
0.0
0.0
0.0
0.0
0.0
0.0
0.0
0.0
0.0
0.0
0.0
0.0
0.0004094722680747509
8.442727448709775e-06
0.0
0.0
0.0
0.0
0.0
0.0
0.0001688545453362167
0.004234027583152056
0.0
0.0
0.0
0.0
0.0
0.0
0.0
0.00027861000853590667
0.00029549546889029443
0.0
0.0
0.0
0.0
0.0
0.0
0.0
5.065636651124805e-05
0.0
0.0
0.0
0.0
0.0
0.0
0.0
0.0
0.0
0.0
0.0
0.0
0.0
0.0
0.0
0.0
0.0
0.0
0.0
0.0
0.0
0.0
0.0
0.0
0.0
0.0
0.0
0.0
0.0
0.0
0.0
0.0
0.0
0.0
0.0
0.0
0.0
2.9549546525231563e-05
0.0
0.0
0.0
0.0
0.0
0.0
0.0
0.0007134104962460697
0.0007302958983927965
0.0
0.0
0.0
0.0
0.0
0.0
0.0
0.0008273872663266957
0.0049010030925273895
0.0
0.0
0.0
0.0
0.0
0.0
0.0
0.0018362932605668902
0.0015830113552510738
0.0
0.0
0.0
0.0
0.0
0.0
0.0
6.332045450108126e-05
0.0
0.0
0.0
0.0
0.0
0.0
0.0
0.0
0.0
0.0
0.0
0.0
0.0
0.0
0.0
0.0
0.0
0.0
0.0
0.0
0.0
0.0
0.0
0.0
0.0
0.0
0.0
0.0
0.0
0.0
0.0
0.0
0.0
0.0
0.0
0.0
0.0001604118151590228
0.00014352636935655028
0.0
0.0
0.0
0.0
0.0
0.0
0.00014774773444514722
0.0015112481778487563
0.0016927669057622552
0.0
0.0
0.0
0.0
0.0
0.0
0.0
0.0011397681664675474
0.006294053513556719
0.0
0.0
0.0
0.0
0.0
0.0
0.0
0.00806280504912138
0.006120977457612753
0.0
0.0
0.0
0.0
0.0
0.0
0.0
0.0001350836391793564
0.0
0.0
0.0
0.0
0.0
0.0
0.0
0.0
0.0
0.0
0.0
0.0
0.0
0.0
0.0
0.0
0.0
0.0
0.0
0.0
0.0
0.0
0.0
0.0
0.0
0.0
0.0
0.0
0.0
0.0
0.0
0.0
0.0
0.0
0.0
0.0
0.0007598454831168056
0.0003841441066469997
0.0
0.0
0.0
0.0
0.0
0.0
0.0005994336679577827
0.0033770909067243338
0.0021149031817913055
0.0
0.0
0.0
0.0
0.0
0.0
0.0
0.0011946458835154772
0.004453538917005062
0.0
0.0
0.0
0.0
0.0
0.0
0.0
0.001709652366116643
0.0018405145965516567
0.0
0.0
0.0
0.0
0.0
0.0
0.0
0.0015112481778487563
4.221363724354887e-06
0.0
0.0
0.0
0.0
0.0
0.0
0.0
0.0
0.0
0.0
0.0
0.0
0.0
0.0
0.0
0.0
0.0
0.0
0.0
0.0
0.0
0.0
0.0
0.0
0.0
0.0
0.0
3.799227488343604e-05
0.0
0.0
0.0
0.0
0.0
0.0
1.688545489741955e-05
0.0035543881822377443
0.0063658165745437145
0.0
0.0
0.0
0.0
0.0
0.0
0.0008062804699875414
0.008050140924751759
0.0011482109548524022
0.0
0.0
0.0
0.0
0.0
0.0
1.2664091627812013e-05
0.0013339509023353457
0.0028578632045537233
0.0
0.0
0.0
0.0
0.0
0.0
0.0
0.019519586116075516
0.02157961204648018
0.0
0.0
0.0
0.0
0.0
0.0
0.0
0.0008484941208735108
0.0
0.0
0.0
0.0
0.0
0.0
0.0
0.0
0.0
0.0
0.0
0.0
0.0
0.0
0.0
0.0
0.0
0.0
0.0
0.0
0.0
0.0
0.0
0.0
0.0
0.0
0.0
0.0
0.0005318918265402317
0.0
0.0
0.0
0.0
0.0
0.0
2.5328183255624026e-05
0.016855904832482338
0.007336730137467384
0.0
0.0
0.0
0.0
0.0
0.0
0.000802059134002775
0.007834850810468197
0.0013592791510745883
0.0
0.0
0.0
0.0
0.0
0.0
1.688545489741955e-05
0.003254671348258853
0.010165044106543064
0.0
0.0
0.0
0.0
0.0
0.0
0.0
0.01766640692949295
0.006804838310927153
0.0
0.0
0.0
0.0
0.0
0.0
0.0
0.0
0.0
0.0
0.0
0.0
0.0
0.0
0.0
0.0
0.0
0.0
0.0
0.0
0.0
0.0
0.0
0.0
0.0
0.0
0.0
0.0
0.0
0.0
0.0
0.0
0.0
0.0
0.0
0.0
0.00011397682101232931
0.0
0.0
0.0
0.0
0.0
0.0
1.2664091627812013e-05
0.005348467733711004
0.0034066406078636646
0.0
0.0
0.0
0.0
0.0
0.0
0.0003503731859382242
0.005998557899147272
0.005681955721229315
4.221363724354887e-06
0.0
0.0
0.0
0.0
0.0
0.0
0.005196498706936836
0.04204056039452553
