0.04479963704943657
-0.04303456097841263
-0.016206534579396248
0.08245117962360382
-0.0050580003298819065
0.027994610369205475
-0.06653966754674911
0.03793598338961601
7.915708556538448e-05
0.0023533517960458994
0.08239675313234329
0.03694642707705498
0.07163366675376892
0.03663645684719086
-0.04640880972146988
-0.05898064747452736
-0.037281740456819534
0.01869150437414646
-0.027926214039325714
-0.02327006496489048
-0.01893358863890171
0.04260895401239395
0.033569883555173874
-0.025852594524621964
-0.04131016880273819
0.0012668193085119128
-0.020746972411870956
-0.01957336813211441
-0.008893828839063644
-0.031109938398003578
0.027210276573896408
0.038189224898815155
0.01625932939350605
-0.026507766917347908
-0.042509663850069046
-0.032611552625894547
-0.07842341810464859
-0.003473327262327075
-0.07510270923376083
-0.03704667091369629
-0.038195736706256866
0.020254191011190414
-0.018862487748265266
-0.0195345189422369
0.004297963809221983
0.049118541181087494
-0.01044403575360775
0.0363474041223526
-0.04595154523849487
-0.06346165388822556
-0.011406434699892998
-0.02010226622223854
0.08837869763374329
0.024009263142943382
-0.009725269861519337
0.04622830078005791
-0.008867000229656696
0.03371121361851692
0.005934472661465406
0.013590446673333645
0.03418845310807228
-0.04031652957201004
0.0012640191707760096
0.027951465919613838
0.013155785389244556
0.027798470109701157
-0.028441129252314568
-0.04785040020942688
0.026446783915162086
0.037161361426115036
-0.020284870639443398
0.02947298251092434
0.02061183750629425
0.04460887610912323
0.0794903114438057
-0.054755453020334244
-0.06688673049211502
-0.01741306483745575
0.04396191984415054
0.05574845150113106
0.05341947823762894
0.047316811978816986
-0.013453819788992405
0.017521029338240623
0.005219930317252874
0.02594790980219841
0.08781900256872177
0.030308041721582413
-0.012489973567426205
-0.04643666744232178
-0.027576617896556854
0.012711827643215656
0.048544563353061676
0.030406296253204346
-0.03897066414356232
0.04885328933596611
0.05137703940272331
0.019944671541452408
0.02774265967309475
0.058591097593307495
0.008326848037540913
0.01411617174744606
0.03796149790287018
-0.004588758107274771
0.05850830674171448
-0.002810924779623747
-0.06957607716321945
-0.040968842804431915
-0.02350400760769844
-0.053499262779951096
0.09733857214450836
0.08403561264276505
-0.08431573212146759
-0.04898367449641228
0.04642214626073837
0.053518906235694885
0.055358681827783585
-0.0020850333385169506
-0.07537263631820679
0.021432731300592422
-0.025272661820054054
0.04207383841276169
-0.1027442142367363
0.00739077664911747
0.02162887156009674
-0.028500055894255638
0.04409641772508621
-0.036897577345371246
0.05777678266167641
-0.014857791364192963
0.006157349329441786
-0.03249487280845642
0.059396009892225266
0.04102207347750664
-0.031645938754081726
0.01982351578772068
-0.017157327383756638
0.02159028872847557
0.04955262690782547
0.05231780931353569
-0.01570522040128708
0.07886098325252533
0.022205660119652748
-0.012885198928415775
0.06422161310911179
0.025110727176070213
-0.07763902097940445
0.06237825006246567
-0.01808345690369606
0.012324972078204155
-0.009330976754426956
-0.009638473391532898
-0.07248342037200928
0.023630423471331596
0.04359845444560051
-0.04983103275299072
0.0012705959379673004
-0.010783235542476177
-0.07878542691469193
-0.06929071992635727
0.015185442753136158
0.03963809832930565
0.0655074417591095
-0.03694324195384979
0.004889351315796375
-0.020406579598784447
-0.03510604426264763
0.046852730214595795
-0.05301760882139206
0.07320341467857361
0.013118792325258255
-0.021058334037661552
0.05378911271691322
-0.011201410554349422
-0.02883022651076317
0.020690320059657097
-0.011970014311373234
0.05052610859274864
-0.05835099145770073
0.06604264676570892
0.05867946520447731
-0.03949106112122536
-0.007243158295750618
-0.01940048113465309
0.10961197316646576
0.06666182726621628
0.006258842535316944
-0.018510906025767326
-0.005334342364221811
-0.026040052995085716
-0.05327947065234184
0.004431719891726971
0.06974980235099792
-0.07005792111158371
0.0367465615272522
0.0585215762257576
0.024815039709210396
-0.05527116358280182
0.06850029528141022
-0.0475945770740509
0.07690725475549698
0.017697105184197426
-0.004308174829930067
-0.043759677559137344
-0.03303009644150734
-0.013155551627278328
-0.02730988711118698
-0.008118215948343277
0.07696441560983658
0.0339740552008152
-0.016698764637112617
0.03150108829140663
-0.02713126875460148
0.05131959915161133
0.01957322470843792
0.12751087546348572
0.01572149246931076
0.021209264174103737
-0.034050509333610535
-0.09420754760503769
-0.025687985122203827
0.0583016462624073
0.02069454826414585
0.01877003163099289
0.0660092830657959
-0.011508842930197716
-0.0693448930978775
0.05788898840546608
0.07718446850776672
-0.022463150322437286
-0.004518604837357998
0.010828603059053421
0.001056854147464037
-0.08375100791454315
-0.061716753989458084
0.038305167108774185
-0.0851185992360115
0.025498315691947937
0.09841389209032059
-0.01621715910732746
0.01975356414914131
0.03313567116856575
-0.03662759065628052
-0.036457665264606476
0.04502421244978905
0.039426419883966446
-0.011303448118269444
-0.03621388226747513
0.039824340492486954
0.001453825505450368
0.004775320179760456
0.031122224405407906
0.02222500368952751
0.028416432440280914
0.1307365745306015
0.018291588872671127
-0.042876701802015305
0.015422330237925053
-0.005714100319892168
0.02497185580432415
-0.017851177603006363
-0.03648880496621132
-0.005600031465291977
-0.023690292611718178
-0.043640587478876114
-0.09863577038049698
0.0719253197312355
0.017005816102027893
0.01281551830470562
-0.01689116656780243
-0.010525016114115715
0.05175333097577095
0.029298553243279457
-0.013460861518979073
0.02967775985598564
0.03651730343699455
0.07335671037435532
-0.02054058015346527
0.015065222047269344
0.03248165175318718
0.07195928692817688
0.050399426370859146
-0.10367017239332199
-0.06330607086420059
0.026931434869766235
0.1110866591334343
-0.001414524856954813
-0.01510765589773655
-0.08051345497369766
-0.01206066831946373
0.0197330079972744
-0.007601586170494556
0.09514205157756805
0.06568053364753723
0.012850133702158928
0.045123472809791565
-0.0359148234128952
-0.014336643740534782
0.01648877188563347
0.02324700728058815
0.09607905894517899
0.06254516541957855
0.08037938922643661
0.016551395878195763
-0.03738819807767868
-0.033218368887901306
0.01877579092979431
-0.07425960898399353
-0.06769661605358124
-0.028427019715309143
-0.09089793264865875
-0.020261239260435104
0.09181871265172958
0.035680897533893585
0.058348607271909714
-0.003585990983992815
0.003794805146753788
-0.022003497928380966
0.02674216590821743
0.06996762007474899
-0.01947025954723358
0.007342904806137085
-0.025557439774274826
-0.04373534768819809
0.02692650631070137
-0.06836861371994019
-0.023044582456350327
-0.003034838242456317
0.03508857637643814
0.012300566770136356
0.06593739241361618
0.0536339245736599
0.010418815538287163
0.015092462301254272
0.03017919324338436
0.015109453350305557
-0.013125189580023289
-0.003627811325713992
-0.016788525506854057
-0.010944096371531487
0.09988696128129959
-0.04201087728142738
0.0572953037917614
-0.02158764749765396
0.02786220796406269
-0.05612178146839142
-0.08141646534204483
0.031841546297073364
0.03822861239314079
0.010792153887450695
0.022127067670226097
-0.08536405116319656
-0.048617247492074966
0.01195474062114954
-0.01917416602373123
0.04641895741224289
-0.006644420325756073
-0.04770746827125549
-0.04661087691783905
0.04375080019235611
0.006378038786351681
-0.004815521650016308
-0.023151930421590805
0.02385362982749939
-0.030674273148179054
-0.03297127038240433
-0.0024842179846018553
0.031257111579179764
-0.047691307961940765
-0.05920809507369995
0.06111958622932434
0.012269045226275921
-0.0003451070806477219
0.004596015438437462
0.014763452112674713
0.006550720892846584
-0.06437110900878906
0.011506990529596806
-0.02708558738231659
-0.0165226049721241
-0.0815255343914032
-0.0015403726138174534
-0.01493455097079277
0.012504233047366142
-0.03323204442858696
-0.08673525601625443
-0.0009214346064254642
-0.06589195877313614
0.022281203418970108
0.02033635787665844
0.05161718651652336
-0.048792071640491486
0.005261237733066082
-0.026641471311450005
-0.02916785329580307
0.055267833173274994
0.06553035974502563
0.030909713357686996
0.04563872516155243
-0.03421107307076454
-0.09005565196275711
0.09795815497636795
0.029673412442207336
-0.00806652382016182
0.03847775608301163
0.021700266748666763
-0.03744053840637207
0.02458854764699936
-0.020447855815291405
0.020590318366885185
0.0772266611456871
0.02238125540316105
0.031126750633120537
-0.05805309861898422
-0.03267744928598404
0.026653416454792023
0.0030203915666788816
0.06402196735143661
-0.017343439161777496
0.017396464943885803
0.02097070962190628
-0.045614756643772125
-0.03180033341050148
-0.0010319800348952413
-0.03439544886350632
0.007943068630993366
-0.007966856472194195
-0.09369900077581406
0.060912903398275375
-0.08944323658943176
-0.0041178492829203606
0.01983672007918358
0.012462488375604153
-0.00879154447466135
-0.03926623985171318
-0.035740382969379425
-0.022271139547228813
-0.021063417196273804
-0.007373040542006493
0.05281443148851395
0.014753676950931549
0.0373825877904892
-0.045076631009578705
0.04992168769240379
0.001570127671584487
0.010529229417443275
-0.11600960046052933
-0.01577864959836006
-0.0018532369285821915
-0.08645543456077576
-0.00014897073560860008
-0.03227785974740982
0.05099407583475113
0.022205177694559097
4.576578066917136e-05
-0.015285230241715908
-0.0021679596975445747
-0.017935605719685555
0.05121070146560669
0.010375689715147018
-0.017740419134497643
0.017140761017799377
0.07629643380641937
-0.008724505081772804
0.020261768251657486
-0.0119390320032835
0.002552543766796589
-0.03632518649101257
-0.05849889665842056
-0.02441348508000374
-0.035894133150577545
-0.062856025993824
-0.006841244641691446
-0.05257715284824371
-0.07248299568891525
-0.01261240802705288
0.005341393873095512
-0.09246598184108734
0.07764450460672379
0.03350312262773514
-0.010664986446499825
0.03431108593940735
-0.048374876379966736
-0.0381721667945385
0.007612633518874645
-0.13205119967460632
-0.01261286623775959
0.02091534063220024
0.02261028252542019
-0.07348690181970596
-0.039493512362241745
-0.01853448525071144
0.03647449612617493
0.019491322338581085
0.023640308529138565
-0.034608229994773865
0.024597104638814926
0.008244233205914497
0.0023651861120015383
-0.03680196404457092
0.007859540171921253
0.048866815865039825
-0.024681225419044495
-0.08287638425827026
-0.02360377088189125
0.002813937608152628
0.03842618688941002
-0.05454897880554199
0.04027847200632095
-0.03708922490477562
0.0003515878925099969
0.007806637790054083
