0.000000
0.000000
0.000000
0.000000
0.000000
0.000000
0.000000
0.000000
0.000000
0.000000
0.000000
0.000000
0.000000
0.000000
0.000000
0.000000
0.000000
0.000000
0.000000
0.000000
0.000000
0.000000
0.000000
0.000000
0.000000
0.000000
0.000000
0.000000
0.000000
0.000000
0.000000
0.000000
0.000000
0.000000
0.000000
0.000000
0.000000
0.000000
0.000000
0.000000
0.000000
0.000000
0.000000
0.000000
0.000000
0.000000
0.000000
0.000000
0.000000
0.000000
0.000000
0.000000
0.000000
0.000000
0.000000
0.000000
0.000000
0.000000
0.000000
0.000000
0.000000
0.000000
0.000000
0.000000
0.000000
0.000000
0.000000
0.000000
0.000000
0.000000
0.000000
0.000000
0.000000
0.000000
0.000000
0.000000
0.000000
0.000000
0.000000
0.000000
0.000000
0.252141
0.350056
0.350056
0.171906
0.139742
0.069828
0.029435
0.057296
0.073366
0.000000
0.000000
0.000000
0.000000
0.000000
0.000000
0.000000
0.000000
0.000000
0.350056
0.350056
0.319284
0.075118
0.015860
0.106489
0.136115
0.350056
0.350056
0.154991
0.262928
0.262928
0.105671
0.085899
0.042923
0.018094
0.035220
0.045098
0.090541
0.018153
0.051424
0.057559
0.103304
0.128721
0.244752
0.161402
0.262928
0.262928
0.241245
0.196264
0.046175
0.009749
0.065459
0.083670
0.262928
0.262928
0.262928
0.262928
0.235092
0.027997
0.100124
0.088066
0.208950
0.133342
0.160490
0.177327
0.035554
0.100715
0.112730
0.202323
0.252103
0.295918
0.295918
0.295918
0.000000
0.000000
0.000000
0.000000
0.000000
0.000000
0.000000
0.000000
0.000000
0.295918
0.295918
0.295918
0.054832
0.196095
0.172478
0.295918
0.261153
0.295918
0.000000
0.000000
0.000000
0.000000
0.000000
0.000000
0.000000
0.000000
0.000000
0.000000
0.000000
0.000000
0.000000
0.000000
0.000000
0.000000
0.000000
0.000000
0.000000
0.000000
0.000000
0.000000
0.000000
0.000000
0.000000
0.000000
0.000000
0.000000
0.000000
0.000000
0.000000
0.000000
0.000000
0.000000
0.000000
0.000000
0.000000
0.000000
0.000000
0.000000
0.000000
0.000000
0.000000
0.000000
0.000000
0.000000
0.000000
0.000000
0.000000
0.000000
0.000000
0.000000
0.000000
0.000000
0.000000
0.000000
0.000000
0.000000
0.000000
0.000000
0.000000
0.000000
0.000000
0.000000
0.000000
0.000000
0.000000
0.000000
0.000000
0.000000
0.000000
0.000000
0.000000
0.000000
0.000000
0.000000
0.000000
0.000000
0.000000
0.000000
0.000000
0.000000
0.000000
0.000000
0.000000
0.000000
0.000000
0.000000
0.000000
0.000000
0.000000
0.000000
0.000000
0.000000
0.000000
0.000000
0.000000
0.000000
0.000000
0.000000
0.000000
0.000000
0.000000
0.000000
0.000000
0.000000
0.000000
0.000000
0.000000
0.000000
0.000000
0.000000
0.000000
0.000000
0.000000
0.000000
0.000000
0.000000
0.000000
0.000000
0.000000
0.000000
0.000000
0.000000
0.000000
0.000000
0.000000
0.000000
0.000000
0.000000
0.000000
0.000000
0.000000
0.000000
0.000000
0.000000
0.000000
0.000000
0.000000
0.000000
0.000000
0.000000
0.000000
0.000000
0.429222
0.429222
0.429222
0.310774
0.321697
0.068567
0.116390
0.211553
0.429222
0.000000
0.000000
0.000000
0.000000
0.000000
0.000000
0.000000
0.000000
0.000000
0.306210
0.306210
0.249641
0.058733
0.012401
0.083261
0.106425
0.306210
0.306210
0.144762
0.158791
0.127278
0.038981
0.040351
0.008601
0.014599
0.026536
0.077174
0.108834
0.133412
0.306210
0.215677
0.306210
0.261695
0.306210
0.144785
0.146268
0.260074
0.215109
0.175000
0.041172
0.008693
0.058367
0.074605
0.260074
0.260074
0.260074
0.260074
0.209622
0.024964
0.089277
0.078525
0.186312
0.118896
0.143102
0.076293
0.093523
0.260074
0.151191
0.260074
0.183450
0.237496
0.101495
0.102535
0.074431
0.046446
0.260074
0.186290
0.089137
0.131905
0.126656
0.101970
0.027238
0.300239
0.300239
0.300239
0.049037
0.175369
0.154249
0.300239
0.233551
0.281100
0.000000
0.000000
0.000000
0.000000
0.000000
0.000000
0.000000
0.000000
0.000000
0.146207
0.091236
0.300239
0.300239
0.175094
0.259106
0.248794
0.200304
0.053505
0.061857
0.043076
0.010571
0.032906
0.001661
0.000000
0.000000
0.136493
0.103622
0.000000
0.000000
0.000000
0.000000
0.000000
0.000000
0.000000
0.000000
0.000000
0.000000
0.000000
0.000000
0.000000
0.000000
0.000000
0.000000
0.000000
0.000000
0.455214
0.455214
0.126380
0.393388
0.019859
0.000000
0.000000
0.455214
0.455214
0.000000
0.000000
0.000000
0.000000
0.000000
0.000000
0.000000
0.000000
0.000000
0.000000
0.000000
0.000000
0.000000
0.000000
0.000000
0.000000
0.000000
0.000000
0.000000
0.000000
0.000000
0.000000
0.000000
0.000000
0.000000
0.000000
0.000000
0.000000
0.000000
0.000000
0.000000
0.000000
0.000000
0.000000
0.000000
0.000000
0.000000
0.000000
0.000000
0.000000
0.000000
0.000000
0.000000
0.000000
0.000000
0.000000
0.000000
0.000000
0.000000
0.000000
0.000000
0.000000
0.000000
0.000000
0.000000
0.000000
0.000000
0.000000
0.000000
0.000000
0.000000
0.000000
0.000000
0.000000
0.000000
0.000000
0.000000
0.000000
0.000000
0.000000
0.000000
0.000000
0.000000
0.000000
0.000000
0.000000
0.000000
0.000000
0.000000
0.000000
0.000000
0.000000
0.000000
0.000000
0.000000
0.000000
0.000000
0.000000
0.000000
0.000000
0.254048
0.278668
0.223365
0.068410
0.070814
0.015093
0.025621
0.046568
0.135435
0.000000
0.000000
0.000000
0.000000
0.000000
0.000000
0.000000
0.000000
0.000000
0.513838
0.065619
0.000000
0.099082
0.131620
0.238533
0.383056
0.115533
0.514166
0.123042
0.134966
0.108181
0.033133
0.034297
0.007310
0.012409
0.022554
0.065595
0.092505
0.113395
0.332246
0.183317
0.332246
0.222431
0.287960
0.123062
0.124322
0.248865
0.031781
0.000000
0.047988
0.063747
0.115528
0.185524
0.055956
0.332246
0.332246
0.023582
0.014546
0.020197
0.010253
0.007514
0.058234
0.229695
0.332246
0.085505
0.104814
0.283263
0.169446
0.283263
0.205599
0.266170
0.113750
0.114915
0.083417
0.052054
0.283263
0.208783
0.099899
0.147831
0.141948
0.114282
0.030527
0.283263
0.021798
0.013445
0.018669
0.009477
0.006945
0.053827
0.212314
0.283263
0.283263
0.099559
0.152055
0.035455
0.005686
0.011616
0.047021
0.216897
0.283263
0.115594
0.072133
0.344790
0.289316
0.138432
0.204854
0.196701
0.158364
0.042302
0.048905
0.034057
0.008358
0.026016
0.001313
0.000000
0.000000
0.107913
0.081925
0.344790
0.137961
0.210707
0.049130
0.007880
0.016097
0.065159
0.300560
0.344790
0.334840
0.000000
0.000000
0.000000
0.000000
0.000000
0.000000
0.000000
0.344790
0.146793
0.102225
0.025087
0.078089
0.003942
0.000000
0.000000
0.323912
0.245906
0.000000
0.000000
0.000000
0.000000
0.000000
0.000000
0.000000
0.000000
0.000000
0.630821
0.000000
0.000000
0.000000
0.000000
0.000000
0.000000
0.000000
0.630821
0.000000
0.000000
0.000000
0.000000
0.000000
0.000000
0.000000
0.000000
0.000000
0.000000
0.000000
0.000000
0.000000
0.000000
0.000000
0.000000
0.000000
0.000000
0.000000
0.000000
0.000000
0.000000
0.000000
0.000000
0.000000
0.000000
0.000000
0.000000
0.000000
0.000000
0.000000
0.000000
0.000000
0.000000
0.000000
0.000000
0.000000
0.000000
0.000000
0.000000
0.000000
0.000000
0.000000
0.000000
0.000000
0.000000
0.000000
0.000000
0.000000
0.000000
0.000000
0.000000
0.000000
0.000000
0.000000
0.000000
0.000000
0.000000
0.000000
0.000000
0.000000
0.000000
0.000000
0.000000
0.000000
0.000000
0.000000
0.000000
0.000000
0.000000
0.000000
0.000000
0.000000
0.000000
0.000000
0.000000
0.000000
0.000000
0.000000
0.000000
0.000000
0.000000
0.000000
0.000000
0.000000
0.000000
0.000000
0.000000
0.000000
0.000000
0.386094
0.049306
0.000000
0.074449
0.098899
0.179232
0.287826
0.086811
0.490298
0.000000
0.000000
0.000000
0.000000
0.000000
0.000000
0.000000
0.000000
0.000000
0.208779
0.000000
0.000000
0.000000
0.000000
0.000000
0.000000
0.431625
0.490298
0.177496
0.022667
0.000000
0.034226
0.045466
0.082397
0.132320
0.039909
0.305540
0.305540
0.016820
0.010374
0.014405
0.007313
0.005359
0.041534
0.163823
0.298865
0.095981
0.000000
0.000000
0.000000
0.000000
0.000000
0.000000
0.198428
0.305540
0.305540
0.197951
0.197946
0.305540
0.242783
0.115412
0.056905
0.240223
0.305540
0.248938
0.012660
0.007809
0.010843
0.005504
0.004034
0.031262
0.123310
0.224955
0.168727
0.057823
0.088312
0.020592
0.003303
0.006747
0.027310
0.125971
0.248938
0.243060
0.148997
0.148994
0.248938
0.182742
0.086870
0.042833
0.180815
0.248938
0.248938
0.228193
0.103247
0.246334
0.248938
0.248938
0.245235
0.133643
0.248938
0.203621
0.069781
0.106576
0.024850
0.003986
0.008142
0.032957
0.152024
0.277643
0.169363
0.000000
0.000000
0.000000
0.000000
0.000000
0.000000
0.000000
0.277643
0.277643
0.275385
0.124599
0.277643
0.277643
0.277643
0.277643
0.161282
0.277643
0.277643
0.022333
0.000000
0.000000
0.000000
0.000000
0.000000
0.000000
0.277643
0.498585
0.000000
0.000000
0.000000
0.000000
0.000000
0.000000
0.000000
0.498585
0.000000
0.000000
0.000000
0.000000
0.000000
0.000000
0.000000
0.000000
0.000000
0.498585
0.075171
0.000000
0.000000
0.000000
0.000000
0.000000
0.000000
0.498585
0.000000
0.000000
0.000000
0.000000
0.000000
0.000000
0.000000
0.000000
0.000000
0.000000
0.000000
0.000000
0.000000
0.000000
0.000000
0.000000
0.000000
0.000000
0.000000
0.000000
0.000000
0.000000
0.000000
0.000000
0.000000
0.000000
0.000000
0.000000
0.000000
0.000000
0.000000
0.000000
0.000000
0.000000
0.000000
0.000000
0.000000
0.000000
0.000000
0.000000
0.000000
0.000000
0.000000
0.000000
0.000000
0.000000
0.000000
0.000000
0.000000
0.000000
0.000000
0.000000
0.000000
0.000000
0.000000
0.000000
0.000000
0.000000
0.000000
0.000000
0.000000
0.000000
0.000000
0.000000
0.000000
0.000000
0.000000
0.000000
0.000000
0.000000
0.000000
0.000000
0.000000
0.000000
0.000000
0.000000
0.000000
0.000000
0.000000
0.000000
0.000000
0.000000
0.000000
0.000000
0.000000
0.000000
0.000000
0.000000
0.000000
0.000000
0.429437
0.000000
0.000000
0.000000
0.000000
0.000000
0.000000
0.637931
0.637931
0.000000
0.000000
0.000000
0.000000
0.000000
0.000000
0.000000
0.000000
0.000000
0.040899
0.000000
0.000000
0.000000
0.000000
0.000000
0.000000
0.000000
0.000000
0.103472
0.000000
0.000000
0.000000
0.000000
0.000000
0.000000
0.213915
0.329812
0.329812
0.213401
0.213396
0.329812
0.261732
0.124420
0.061347
0.258973
0.329812
0.009854
0.000000
0.000000
0.000000
0.000000
0.000000
0.000000
0.000000
0.000000
0.329812
0.045979
0.003219
0.010332
0.006910
0.005137
0.015966
0.205741
0.329812
0.215250
0.131950
0.131947
0.259502
0.161834
0.076931
0.037932
0.160127
0.242580
0.259502
0.202084
0.091434
0.218150
0.259502
0.259502
0.217176
0.118352
0.259226
0.259502
0.028430
0.001990
0.006388
0.004273
0.003176
0.009872
0.127213
0.259502
0.259502
0.078424
0.015564
0.012729
0.075263
0.041880
0.013719
0.074843
0.259502
0.287701
0.241858
0.109429
0.261086
0.287701
0.287701
0.259920
0.141646
0.287701
0.287701
0.019614
0.000000
0.000000
0.000000
0.000000
0.000000
0.000000
0.269450
0.287701
0.093860
0.018628
0.015235
0.090076
0.050122
0.016419
0.089573
0.287701
0.028901
0.000000
0.000729
0.000000
0.000438
0.000000
0.000000
0.097134
0.287701
0.548536
0.059277
0.000000
0.000000
0.000000
0.000000
0.000000
0.000000
0.548536
0.000000
0.000000
0.000000
0.000000
0.000000
0.000000
0.000000
0.000000
0.000000
0.087343
0.000000
0.002204
0.000000
0.001322
0.000000
0.000000
0.293557
0.548536
0.000000
0.000000
0.000000
0.000000
0.000000
0.000000
0.000000
0.000000
0.000000
0.000000
0.000000
0.000000
0.000000
0.000000
0.000000
0.000000
0.000000
0.000000
0.000000
0.000000
0.000000
0.000000
0.000000
0.000000
0.000000
0.000000
0.000000
0.000000
0.000000
0.000000
0.000000
0.000000
0.000000
0.000000
0.000000
0.000000
0.000000
0.000000
0.000000
0.000000
0.000000
0.000000
0.000000
0.000000
0.000000
0.000000
0.000000
0.000000
0.000000
0.000000
0.000000
0.000000
0.000000
0.000000
0.000000
0.000000
0.000000
0.000000
0.000000
0.000000
0.000000
0.000000
0.000000
0.000000
0.000000
0.000000
0.000000
0.000000
0.000000
0.000000
0.000000
0.000000
0.000000
0.000000
0.000000
0.000000
0.000000
0.000000
0.000000
0.000000
0.000000
0.000000
0.000000
0.000000
0.000000
0.000000
0.000000
0.000000
0.000000
0.000000
1.000000
0.000000
0.000000
0.000000
0.000000
0.000000
0.000000
0.000000
0.000000
0.000000
0.000000
0.000000
0.000000
0.000000
0.000000
0.000000
0.000000
0.000000
0.000000
0.000000
0.000000
0.000000
0.000000
0.000000
0.000000
0.000000
0.000000
0.013781
0.000000
0.000000
0.000000
0.000000
0.000000
0.000000
0.000000
0.000000
0.437243
0.064301
0.004502
0.014449
0.009664
0.007184
0.022328
0.287723
0.437243
0.000000
0.000000
0.000000
0.000000
0.000000
0.000000
0.000000
0.000000
0.000000
0.437243
0.066826
0.050189
0.135479
0.281474
0.008417
0.164497
0.124885
0.437243
0.336964
0.041813
0.002927
0.009396
0.006284
0.004672
0.014519
0.187098
0.336964
0.336964
0.115342
0.022891
0.018721
0.110693
0.061594
0.020177
0.110074
0.336964
0.294249
0.043455
0.032637
0.088098
0.183035
0.005473
0.106967
0.081209
0.336964
0.130838
0.051066
0.066695
0.201469
0.167516
0.083895
0.033567
0.047716
0.316655
0.355256
0.137202
0.027230
0.022269
0.131671
0.073267
0.024001
0.130936
0.355256
0.042246
0.000000
0.001066
0.000000
0.000640
0.000000
0.000000
0.141988
0.355256
0.155634
0.060744
0.079335
0.239652
0.199264
0.099795
0.039928
0.056759
0.355256
0.163379
0.014007
0.138501
0.287521
0.097625
0.019345
0.003052
0.041919
0.355256
0.074743
0.000000
0.001886
0.000000
0.001132
0.000000
0.000000
0.251209
0.500187
0.000000
0.000000
0.000000
0.000000
0.000000
0.000000
0.000000
0.000000
0.000000
0.289053
0.024781
0.245039
0.500187
0.172720
0.034226
0.005400
0.074164
0.500187
0.000000
0.000000
0.000000
0.000000
0.000000
0.000000
0.000000
0.000000
0.000000
0.000000
0.000000
0.000000
0.000000
0.000000
0.000000
0.000000
0.000000
0.000000
0.000000
0.000000
0.000000
0.000000
0.000000
0.000000
0.000000
0.000000
0.000000
0.000000
0.000000
0.000000
0.000000
0.000000
0.000000
0.000000
0.000000
0.000000
0.000000
0.000000
0.000000
0.000000
0.000000
0.000000
0.000000
0.000000
0.000000
0.000000
0.000000
0.000000
0.000000
0.000000
0.000000
0.000000
0.000000
0.000000
0.000000
0.000000
0.000000
0.000000
0.000000
0.000000
0.000000
0.000000
0.000000
0.000000
0.000000
0.000000
0.000000
0.000000
0.000000
0.000000
0.000000
0.000000
0.000000
0.000000
0.000000
0.000000
0.000000
0.000000
0.000000
0.000000
0.000000
0.000000
0.000000
0.000000
0.000000
0.000000
0.000000
0.000000
0.000000
0.000000
0.000000
0.000000
0.000000
0.000000
0.000000
0.000000
0.000000
0.000000
0.000000
0.000000
0.000000
0.000000
0.000000
0.000000
0.000000
0.000000
0.000000
0.000000
0.000000
0.000000
0.000000
0.000000
0.000000
0.000000
0.000000
0.000000
0.000000
0.000000
0.000000
0.000000
0.000000
0.000000
0.000000
0.000000
0.000000
0.000000
0.465285
0.068714
0.051607
0.139306
0.289426
0.008655
0.169144
0.128413
0.471456
0.000000
0.000000
0.000000
0.000000
0.000000
0.000000
0.000000
0.000000
0.000000
0.406371
0.007236
0.000000
0.000000
0.000567
0.000634
0.007900
0.134104
0.471456
0.255392
0.037717
0.028327
0.076464
0.158864
0.004751
0.092842
0.070485
0.411360
0.113560
0.044322
0.057888
0.174864
0.145395
0.072816
0.029134
0.041415
0.274839
0.223054
0.003972
0.000000
0.000000
0.000311
0.000348
0.004336
0.073609
0.411360
0.411360
0.039018
0.016500
0.000641
0.002489
0.001680
0.016845
0.019029
0.411360
0.148964
0.058140
0.075935
0.229381
0.190723
0.095517
0.038217
0.054326
0.360524
0.156376
0.013407
0.132565
0.275198
0.093441
0.018516
0.002921
0.040122
0.448440
0.448440
0.051182
0.021644
0.000841
0.003265
0.002203
0.022097
0.024961
0.448440
0.004081
0.000000
0.000000
0.000000
0.000000
0.000000
0.000000
0.000000
0.000000
0.486725
0.041728
0.412611
0.493641
0.290837
0.057632
0.009093
0.124882
0.493641
0.000000
0.000000
0.000000
0.000000
0.000000
0.000000
0.000000
0.000000
0.000000
0.012703
0.000000
0.000000
0.000000
0.000000
0.000000
0.000000
0.000000
0.000000
0.000000
0.000000
0.000000
0.000000
0.000000
0.000000
0.000000
0.000000
0.000000
0.000000
0.000000
0.000000
0.000000
0.000000
0.000000
0.000000
0.000000
0.000000
0.000000
0.000000
0.000000
0.000000
0.000000
0.000000
0.000000
0.000000
0.000000
0.000000
0.000000
0.000000
0.000000
0.000000
0.000000
0.000000
0.000000
0.000000
0.000000
0.000000
0.000000
0.000000
0.000000
0.000000
0.000000
0.000000
0.000000
0.000000
0.000000
0.000000
0.000000
0.000000
0.000000
0.000000
0.000000
0.000000
0.000000
0.000000
0.000000
0.000000
0.000000
0.000000
0.000000
0.000000
0.000000
0.000000
0.000000
0.000000
0.000000
0.000000
0.000000
0.000000
0.000000
0.000000
0.000000
0.000000
0.000000
0.000000
0.000000
0.000000
0.000000
0.000000
0.000000
0.000000
0.000000
0.000000
0.000000
0.000000
0.000000
0.000000
0.000000
0.000000
0.000000
0.000000
0.000000
0.000000
0.000000
0.000000
0.000000
0.000000
0.000000
0.000000
0.000000
0.000000
0.000000
0.000000
0.000000
0.000000
0.000000
0.000000
0.000000
0.000000
0.000000
0.000000
0.000000
0.000000
0.000000
0.000000
0.000000
0.000000
0.000000
0.000000
0.000000
0.000000
0.000000
0.000000
0.000000
0.000000
0.463022
0.008245
0.000000
0.000000
0.000646
0.000722
0.009002
0.152799
0.502836
0.000000
0.000000
0.000000
0.000000
0.000000
0.000000
0.000000
0.000000
0.000000
0.502836
0.044498
0.012142
0.017845
0.012030
0.018312
0.020928
0.014723
0.502836
0.170404
0.003034
0.000000
0.000000
0.000238
0.000266
0.003313
0.056234
0.371169
0.371169
0.029808
0.012605
0.000490
0.001901
0.001283
0.012869
0.014537
0.371169
0.371169
0.016376
0.004469
0.006567
0.004427
0.006739
0.007702
0.005418
0.371169
0.371169
0.019971
0.006169
0.002126
0.005236
0.007340
0.013049
0.028388
0.371169
0.498238
0.046159
0.019520
0.000759
0.002945
0.001987
0.019928
0.022511
0.498238
0.003681
0.000000
0.000000
0.000000
0.000000
0.000000
0.000000
0.000000
0.000000
0.498238
0.030925
0.009553
0.003292
0.008108
0.011366
0.020207
0.043959
0.498238
0.000000
0.000000
0.000000
0.000000
0.000000
0.000000
0.000000
0.000000
0.000000
1.000000
0.000000
0.000000
0.000000
0.000000
0.000000
0.000000
0.000000
0.000000
0.000000
0.000000
0.000000
0.000000
0.000000
0.000000
0.000000
0.000000
0.000000
0.000000
0.000000
0.000000
0.000000
0.000000
0.000000
0.000000
0.000000
0.000000
0.000000
0.000000
0.000000
0.000000
0.000000
0.000000
0.000000
0.000000
0.000000
0.000000
0.000000
0.000000
0.000000
0.000000
0.000000
0.000000
0.000000
0.000000
0.000000
0.000000
0.000000
0.000000
0.000000
0.000000
0.000000
0.000000
0.000000
0.000000
0.000000
0.000000
0.000000
0.000000
0.000000
0.000000
0.000000
0.000000
0.000000
0.000000
0.000000
0.000000
0.000000
0.000000
0.000000
0.000000
0.000000
0.000000
0.000000
0.000000
0.000000
0.000000
0.000000
0.000000
0.000000
0.000000
0.000000
0.000000
0.000000
0.000000
0.000000
0.000000
0.000000
0.000000
0.000000
0.000000
0.000000
0.000000
0.000000
0.000000
0.000000
0.000000
0.000000
0.000000
0.000000
0.000000
0.000000
0.000000
0.000000
0.000000
0.000000
0.000000
0.000000
0.000000
0.000000
0.000000
0.000000
0.000000
0.000000
0.000000
0.000000
0.000000
0.000000
0.000000
0.000000
0.000000
0.000000
0.000000
0.000000
0.000000
0.000000
0.000000
0.000000
0.000000
0.000000
0.000000
0.000000
0.000000
0.000000
0.000000
0.000000
0.000000
0.000000
0.000000
0.000000
0.000000
0.000000
0.000000
0.000000
0.000000
0.000000
0.000000
0.000000
0.000000
0.000000
0.000000
0.000000
0.000000
0.499041
0.045176
0.012327
0.018117
0.012213
0.018591
0.021247
0.014947
0.499041
0.000000
0.000000
0.000000
0.000000
0.000000
0.000000
0.000000
0.000000
0.000000
0.499041
0.002499
0.000000
0.000000
0.000000
0.000000
0.000000
0.011625
0.499041
0.353226
0.015738
0.004294
0.006311
0.004255
0.006477
0.007402
0.005207
0.353226
0.353226
0.019192
0.005928
0.002043
0.005032
0.007054
0.012540
0.027281
0.353226
0.353226
0.000870
0.000000
0.000000
0.000000
0.000000
0.000000
0.004050
0.353226
0.353226
0.000870
0.000000
0.000000
0.000000
0.000000
0.000000
0.000000
0.353226
0.499087
0.031152
0.009623
0.003316
0.008167
0.011449
0.020355
0.044281
0.499087
0.000000
0.000000
0.000000
0.000000
0.000000
0.000000
0.000000
0.000000
0.000000
0.499087
0.001412
0.000000
0.000000
0.000000
0.000000
0.000000
0.000000
0.499087
0.000000
0.000000
0.000000
0.000000
0.000000
0.000000
0.000000
0.000000
0.000000
0.000000
0.000000
0.000000
0.000000
0.000000
0.000000
0.000000
0.000000
0.000000
0.000000
0.000000
0.000000
0.000000
0.000000
0.000000
0.000000
0.000000
0.000000
0.000000
0.000000
0.000000
0.000000
0.000000
0.000000
0.000000
0.000000
0.000000
0.000000
0.000000
0.000000
0.000000
0.000000
0.000000
0.000000
0.000000
0.000000
0.000000
0.000000
0.000000
0.000000
0.000000
0.000000
0.000000
0.000000
0.000000
0.000000
0.000000
0.000000
0.000000
0.000000
0.000000
0.000000
0.000000
0.000000
0.000000
0.000000
0.000000
0.000000
0.000000
0.000000
0.000000
0.000000
0.000000
0.000000
0.000000
0.000000
0.000000
0.000000
0.000000
0.000000
0.000000
0.000000
0.000000
0.000000
0.000000
0.000000
0.000000
0.000000
0.000000
0.000000
0.000000
0.000000
0.000000
0.000000
0.000000
0.000000
0.000000
0.000000
0.000000
0.000000
0.000000
0.000000
0.000000
0.000000
0.000000
0.000000
0.000000
0.000000
0.000000
0.000000
0.000000
0.000000
0.000000
0.000000
0.000000
0.000000
0.000000
0.000000
0.000000
0.000000
0.000000
0.000000
0.000000
0.000000
0.000000
0.000000
0.000000
0.000000
0.000000
0.000000
0.000000
0.000000
0.000000
0.000000
0.000000
0.000000
0.000000
0.000000
0.000000
0.000000
0.000000
0.000000
0.000000
0.000000
0.000000
0.000000
0.000000
0.000000
0.000000
0.000000
0.000000
0.000000
0.000000
0.000000
0.000000
0.000000
0.000000
0.000000
0.000000
0.000000
0.000000
0.000000
0.000000
0.465894
0.002242
0.000000
0.000000
0.000000
0.000000
0.000000
0.010431
0.465894
0.000000
0.000000
0.000000
0.000000
0.000000
0.000000
0.000000
0.000000
0.000000
0.465894
0.228829
0.214911
0.026756
0.098619
0.075943
0.092504
0.091345
0.465894
0.357198
0.000926
0.000000
0.000000
0.000000
0.000000
0.000000
0.004308
0.357198
0.357198
0.000925
0.000000
0.000000
0.000000
0.000000
0.000000
0.000000
0.357198
0.357198
0.094520
0.088771
0.011052
0.040736
0.031369
0.038210
0.037731
0.354277
0.357198
0.055811
0.000000
0.041762
0.019991
0.066155
0.036422
0.064554
0.267080
0.502851
0.001546
0.000000
0.000000
0.000000
0.000000
0.000000
0.000000
0.502851
0.000000
0.000000
0.000000
0.000000
0.000000
0.000000
0.000000
0.000000
0.000000
0.502851
0.093260
0.000000
0.069785
0.033405
0.110545
0.060861
0.107871
0.446293
0.000000
0.000000
0.000000
0.000000
0.000000
0.000000
0.000000
0.000000
0.000000
0.000000
0.000000
0.000000
0.000000
0.000000
0.000000
0.000000
0.000000
0.000000
0.000000
0.000000
0.000000
0.000000
0.000000
0.000000
0.000000
0.000000
0.000000
0.000000
0.000000
0.000000
0.000000
0.000000
0.000000
0.000000
0.000000
0.000000
0.000000
0.000000
0.000000
0.000000
0.000000
0.000000
0.000000
0.000000
0.000000
0.000000
0.000000
0.000000
0.000000
0.000000
0.000000
0.000000
0.000000
0.000000
0.000000
0.000000
0.000000
0.000000
0.000000
0.000000
0.000000
0.000000
0.000000
0.000000
0.000000
0.000000
0.000000
0.000000
0.000000
0.000000
0.000000
0.000000
0.000000
0.000000
0.000000
0.000000
0.000000
0.000000
0.000000
0.000000
0.000000
0.000000
0.000000
0.000000
0.000000
0.000000
0.000000
0.000000
0.000000
0.000000
0.000000
0.000000
0.000000
0.000000
0.000000
0.000000
0.000000
0.000000
0.000000
0.000000
0.000000
0.000000
0.000000
0.000000
0.000000
0.000000
0.000000
0.000000
0.000000
0.000000
0.000000
0.000000
0.000000
0.000000
0.000000
0.000000
0.000000
0.000000
0.000000
0.000000
0.000000
0.000000
0.000000
0.000000
0.000000
0.000000
0.000000
0.000000
0.000000
0.000000
0.000000
0.000000
0.000000
0.000000
0.000000
0.000000
0.000000
0.000000
0.000000
0.000000
0.000000
0.000000
0.000000
0.000000
0.377161
0.377161
0.377161
0.000000
0.065152
0.377161
0.377161
0.377161
0.377161
0.000000
0.000000
0.000000
0.000000
0.000000
0.000000
0.000000
0.000000
0.000000
0.392894
0.239235
0.224684
0.027973
0.103104
0.079397
0.096711
0.095499
0.392894
0.024513
0.034707
0.014379
0.000000
0.001845
0.014039
0.015044
0.013249
0.015429
0.133840
0.392894
0.392894
0.268664
0.346824
0.117680
0.096681
0.030955
0.035282
0.345083
0.131500
0.123502
0.015376
0.056673
0.043642
0.053159
0.052493
0.345083
0.345083
0.077646
0.000000
0.058102
0.027812
0.092037
0.050671
0.089811
0.345083
0.073568
0.226503
0.345083
0.147676
0.190639
0.064685
0.053142
0.017015
0.019394
0.254452
0.064527
0.106481
0.112966
0.115518
0.060484
0.103586
0.119872
0.272349
0.435681
0.125657
0.000000
0.094028
0.045009
0.148947
0.082003
0.145344
0.435681
0.000000
0.000000
0.000000
0.000000
0.000000
0.000000
0.000000
0.000000
0.000000
0.411787
0.104426
0.172322
0.182817
0.186946
0.097883
0.167636
0.193993
0.435681
0.000000
0.000000
0.000000
0.000000
0.000000
0.000000
0.000000
0.000000
0.000000
0.000000
0.000000
0.000000
0.000000
0.000000
0.000000
0.000000
0.000000
0.000000
0.000000
0.000000
0.000000
0.000000
0.000000
0.000000
0.000000
0.000000
0.000000
0.000000
0.000000
0.000000
0.000000
0.000000
0.000000
0.000000
0.000000
0.000000
0.000000
0.000000
0.000000
0.000000
0.000000
0.000000
0.000000
0.000000
0.000000
0.000000
0.000000
0.000000
0.000000
0.000000
0.000000
0.000000
0.000000
0.000000
0.000000
0.000000
0.000000
0.000000
0.000000
0.000000
0.000000
0.000000
0.000000
0.000000
0.000000
0.000000
0.000000
0.000000
0.000000
0.000000
0.000000
0.000000
0.000000
0.000000
0.000000
0.000000
0.000000
0.000000
0.000000
0.000000
0.000000
