0.0
0.0
0.0
0.0
0.0
0.0
0.0
0.0
0.0
0.0
0.0
0.0
0.0
0.0
0.0
0.0
0.0
0.0
0.0
0.0
0.0
0.0
0.0
0.0
0.0
0.0
0.0
0.0
0.0
0.0
0.0
0.0
0.0
0.0
0.0
0.0
0.0
0.0
0.0
0.0
0.0
0.0
0.0
0.0
0.0
0.0
0.0
0.0
0.0
0.0
0.0
0.0
0.0
0.0
0.0
0.0
0.0
0.0
0.0
0.0
0.0
0.0
0.0
0.0
0.0
0.0
0.0
0.0
0.0
0.0
0.0
0.0
0.0
0.0
0.0
0.0
0.0
0.0
0.0
0.0
0.0
0.00216249
0.07673414
0.10911162
0.04159005
0.00216249
0.0
0.00519797
0.0
0.0
0.0
0.0
0.0
0.0
0.0
0.0
0.0
0.0
0.0
0.42571584
0.42571584
0.40561662
0.31015734
0.23982524
0.13581965
0.2518569
0.19136627
0.42571584
0.00083764
0.0297231
0.04226457
0.01610998
0.00083764
0.0
0.00201344
0.0
0.0
0.00928141
0.08065852
0.03827473
0.05748169
0.13122178
0.06322803
0.12253936
0.04643597
0.02987189
0.2986805
0.19248468
0.15711629
0.12013997
0.09289672
0.05260997
0.0975572
0.07412605
0.2986805
0.2986805
0.2986805
0.05810909
0.2986805
0.2986805
0.28314151
0.2986805
0.21591073
0.2986805
0.01269215
0.11029892
0.05233994
0.07860507
0.17944318
0.08646307
0.16757015
0.06350027
0.04084922
0.0
0.0
0.0
0.0
0.0
0.0
0.0
0.0
0.0
0.34054774
0.34054774
0.07946302
0.34054774
0.34054774
0.34054774
0.34054774
0.29525364
0.34054774
0.0
0.0
0.0
0.0
0.0
0.0
0.0
0.0
0.0
0.0
0.0
0.0
0.0
0.0
0.0
0.0
0.0
0.0
0.0
0.0
0.0
0.0
0.0
0.0
0.0
0.0
0.0
0.0
0.0
0.0
0.0
0.0
0.0
0.0
0.0
0.0
0.0
0.0
0.0
0.0
0.0
0.0
0.0
0.0
0.0
0.0
0.0
0.0
0.0
0.0
0.0
0.0
0.0
0.0
0.0
0.0
0.0
0.0
0.0
0.0
0.0
0.0
0.0
0.0
0.0
0.0
0.0
0.0
0.0
0.0
0.0
0.0
0.0
0.0
0.0
0.0
0.0
0.0
0.0
0.0
0.0
0.0
0.0
0.0
0.0
0.0
0.0
0.0
0.0
0.0
0.0
0.0
0.0
0.0
0.0
0.0
0.0
0.0
0.0
0.0
0.0
0.0
0.0
0.0
0.0
0.0
0.0
0.0
0.0
0.0
0.0
0.0
0.0
0.0
0.0
0.0
0.0
0.0
0.0
0.0
0.0
0.0
0.0
0.0
0.0
0.0
0.0
0.0
0.0
0.0
0.0
0.0
0.0
0.0
0.0
0.0
0.0
0.0
0.0
0.0
0.0
0.0
0.0
0.0
0.0
0.0
0.0
0.0
0.0
0.0
0.0
0.0
0.0
0.0
0.0
0.0
0.0
0.0
0.0
0.0
0.0
0.0
0.31263914
0.20050243
0.16366081
0.12514428
0.09676623
0.05480139
0.10162084
0.07721369
0.31263914
0.0
0.0
0.0
0.0
0.0
0.0
0.0
0.0
0.0
0.31263914
0.31263914
0.31263914
0.31263914
0.31263914
0.07174403
0.26571654
0.21560355
0.28680508
0.24426389
0.10374665
0.08468357
0.06475383
0.05007008
0.02835607
0.05258202
0.03995294
0.19222837
0.24426389
0.24270324
0.03132002
0.213765
0.17151701
0.15260947
0.24426389
0.11637298
0.22132247
0.24426389
0.16466892
0.24426389
0.22605359
0.24426389
0.03712276
0.13749061
0.11156048
0.14840253
0.24426389
0.03625192
0.07380984
0.06273963
0.12917153
0.11810678
0.24426389
0.03390616
0.24426389
0.28411465
0.28411465
0.04735928
0.28411465
0.25935242
0.23076216
0.28411465
0.17596864
0.28411465
0.0
0.0
0.0
0.0
0.0
0.0
0.0
0.0
0.0
0.28411465
0.05481685
0.11160853
0.09486916
0.19532143
0.17859033
0.28411465
0.05126982
0.28411465
0.02711464
0.00164097
0.0
0.00397736
0.13155448
0.10525664
0.22045566
0.15754012
0.02853608
0.0
0.0
0.0
0.0
0.0
0.0
0.0
0.0
0.0
0.0
0.0
0.0
0.0
0.0
0.0
0.0
0.0
0.0
0.20149851
0.01219463
0.0
0.02955715
0.47786134
0.47786134
0.47786134
0.47786134
0.21206176
0.0
0.0
0.0
0.0
0.0
0.0
0.0
0.0
0.0
0.0
0.0
0.0
0.0
0.0
0.0
0.0
0.0
0.0
0.0
0.0
0.0
0.0
0.0
0.0
0.0
0.0
0.0
0.0
0.0
0.0
0.0
0.0
0.0
0.0
0.0
0.0
0.0
0.0
0.0
0.0
0.0
0.0
0.0
0.0
0.0
0.0
0.0
0.0
0.0
0.0
0.0
0.0
0.0
0.0
0.0
0.0
0.0
0.0
0.0
0.0
0.0
0.0
0.0
0.0
0.0
0.0
0.0
0.0
0.0
0.0
0.0
0.0
0.0
0.0
0.0
0.0
0.0
0.0
0.0
0.0
0.0
0.0
0.0
0.0
0.0
0.0
0.0
0.0
0.0
0.0
0.0
0.0
0.0
0.0
0.0
0.0
0.0
0.0
0.0
0.0
0.0
0.0
0.0
0.0
0.0
0.0
0.0
0.0
1.0
0.0
0.0
0.0
0.0
0.0
0.0
0.0
0.0
0.0
0.0
0.0
0.0
0.0
0.0
0.0
0.0
0.0
0.35727513
0.2577967
0.35727513
0.3538972
0.35727513
0.05811737
0.21524782
0.17465302
0.23233092
0.00518328
0.0
0.0
0.0
0.0
0.0
0.0
0.0
0.0
0.35727513
0.15716638
0.02128357
0.04385486
0.03117885
0.05358458
0.04505204
0.05387004
0.35727513
0.30016235
0.18741346
0.30016235
0.25727675
0.30016235
0.04225026
0.1564812
0.12696953
0.16890031
0.27836945
0.04125913
0.08400466
0.0714054
0.14701306
0.13442003
0.30016235
0.03858938
0.30016235
0.30016235
0.11425706
0.01547277
0.03188168
0.02266645
0.03895501
0.032752
0.03916252
0.30016235
0.11915484
0.06589614
0.0690978
0.04181982
0.08018201
0.04545396
0.06607482
0.0470695
0.07400184
0.36035548
0.05988302
0.12192337
0.10363695
0.21337301
0.19509563
0.36035548
0.05600817
0.36035548
0.02962057
0.00179263
0.0
0.00434494
0.14371273
0.11498445
0.24083014
0.17209996
0.03117338
0.17293991
0.09564087
0.10028772
0.06069679
0.11637522
0.06597133
0.09590021
0.06831611
0.10740539
0.36035548
0.04863499
0.03726365
0.00157224
0.0
0.00229191
0.02685516
0.10421926
0.36035548
0.05380677
0.00325637
0.0
0.00789274
0.26105907
0.20887316
0.43747615
0.31262543
0.05662751
0.0
0.0
0.0
0.0
0.0
0.0
0.0
0.0
0.0
0.52071662
0.08834712
0.06769069
0.00285603
0.0
0.00416334
0.04878331
0.18931783
0.52071662
0.0
0.0
0.0
0.0
0.0
0.0
0.0
0.0
0.0
0.0
0.0
0.0
0.0
0.0
0.0
0.0
0.0
0.0
0.0
0.0
0.0
0.0
0.0
0.0
0.0
0.0
0.0
0.0
0.0
0.0
0.0
0.0
0.0
0.0
0.0
0.0
0.0
0.0
0.0
0.0
0.0
0.0
0.0
0.0
0.0
0.0
0.0
0.0
0.0
0.0
0.0
0.0
0.0
0.0
0.0
0.0
0.0
0.0
0.0
0.0
0.0
0.0
0.0
0.0
0.0
0.0
0.0
0.0
0.0
0.0
0.0
0.0
0.0
0.0
0.0
0.0
0.0
0.0
0.0
0.0
0.0
0.0
0.0
0.0
0.0
0.0
0.0
0.0
0.0
0.0
1.0
0.0
0.0
0.0
0.0
0.0
0.0
0.0
0.0
0.0
0.0
0.0
0.0
0.0
0.0
0.0
0.0
0.0
0.0
0.0
0.0
0.0
0.0
0.0
0.0
0.0
0.0
0.00489313
0.0
0.0
0.0
0.0
0.0
0.0
0.0
0.0
0.45347885
0.14836855
0.02009217
0.04139996
0.02943352
0.05058504
0.04253012
0.05085451
0.45347885
0.0
0.0
0.0
0.0
0.0
0.0
0.0
0.0
0.0
0.45347885
0.28634789
0.05677171
0.13638636
0.08098271
0.03905984
0.03938862
0.17887988
0.45347885
0.40330464
0.12839162
0.01738688
0.03582571
0.02547048
0.04377407
0.0368037
0.04400726
0.40330464
0.13389529
0.07404804
0.07764578
0.04699328
0.0901012
0.05107699
0.07424883
0.05289239
0.08315649
0.40330464
0.24779288
0.04912774
0.11802276
0.07007888
0.03380067
0.03408518
0.15479479
0.40330464
0.07945019
0.11111355
0.08998791
0.10273128
0.25512575
0.13446213
0.12582724
0.07811355
0.12852943
0.15423728
0.08529776
0.08944208
0.05413272
0.10378979
0.05883685
0.08552906
0.06092804
0.09579
0.3584161
0.04337535
0.03323376
0.00140221
0.0
0.00204405
0.0239509
0.09294843
0.3584161
0.09152063
0.12799443
0.10365929
0.11833868
0.29388562
0.15489024
0.1449435
0.08998092
0.14805621
0.3584161
0.032394
0.04776486
0.01265685
0.03768243
0.01564132
0.23022364
0.3584161
0.3584161
0.42251835
0.05358621
0.04105722
0.0017323
0.0
0.00252524
0.02958911
0.11482915
0.42251835
0.0
0.0
0.0
0.0
0.0
0.0
0.0
0.0
0.0
0.42251835
0.04001977
0.05900904
0.01563636
0.04655314
0.0193234
0.2844199
0.42251835
0.42251835
0.0
0.0
0.0
0.0
0.0
0.0
0.0
0.0
0.0
0.0
0.0
0.0
0.0
0.0
0.0
0.0
0.0
0.0
0.0
0.0
0.0
0.0
0.0
0.0
0.0
0.0
0.0
0.0
0.0
0.0
0.0
0.0
0.0
0.0
0.0
0.0
0.0
0.0
0.0
0.0
0.0
0.0
0.0
0.0
0.0
0.0
0.0
0.0
0.0
0.0
0.0
0.0
0.0
0.0
0.0
0.0
0.0
0.0
0.0
0.0
0.0
0.0
0.0
0.0
0.0
0.0
0.0
0.0
0.0
0.0
0.0
0.0
0.0
0.0
0.0
0.0
0.0
0.0
0.0
0.0
0.0
0.0
0.0
0.0
0.0
0.0
0.0
0.0
0.0
0.0
0.0
0.0
0.0
0.0
0.0
0.0
0.0
0.0
0.0
0.0
0.0
0.0
0.0
0.0
0.0
0.0
0.0
0.0
0.0
0.0
0.0
0.0
0.0
0.0
0.0
0.0
0.0
0.0
0.0
0.0
0.0
0.0
0.0
0.0
0.0
0.0
0.44850129
0.23496337
0.04658415
0.11191211
0.06645054
0.03205063
0.03232041
0.14678027
0.44850129
0.0
0.0
0.0
0.0
0.0
0.0
0.0
0.0
0.0
0.44850129
0.28330955
0.07132979
0.03152836
0.03701424
0.03065252
0.07593759
0.05504338
0.44850129
0.40882025
0.20961688
0.04155892
0.09983968
0.05928224
0.0285932
0.02883387
0.13094646
0.40882025
0.06720976
0.09399493
0.076124
0.08690407
0.21582001
0.11374634
0.10644177
0.06607905
0.10872765
0.40882025
0.25274776
0.06363514
0.02812727
0.03302136
0.0273459
0.06774588
0.04910562
0.40882025
0.05283834
0.07400315
0.10729525
0.08624053
0.09705817
0.08571335
0.10840055
0.06878448
0.0419198
0.08838114
0.12360375
0.1001034
0.11427923
0.28380427
0.14957694
0.1399714
0.08689424
0.14297734
0.3462969
0.03128276
0.04612635
0.01222268
0.03638979
0.01510477
0.22232613
0.3462969
0.3462969
0.06948265
0.09731447
0.14109373
0.11340668
0.12763193
0.11271343
0.1425472
0.09045189
0.05512473
0.3462969
0.04602561
0.03974119
0.05017366
0.11555213
0.09281064
0.04622638
0.10753499
0.3462969
0.41197118
0.03926107
0.05789033
0.01533993
0.04567058
0.01895706
0.2790278
0.41197118
0.41197118
0.0
0.0
0.0
0.0
0.0
0.0
0.0
0.0
0.0
0.41197118
0.0577639
0.04987672
0.06296986
0.14502235
0.1164809
0.05801588
0.13496053
0.41197118
0.0
0.0
0.0
0.0
0.0
0.0
0.0
0.0
0.0
0.0
0.0
0.0
0.0
0.0
0.0
0.0
0.0
0.0
0.0
0.0
0.0
0.0
0.0
0.0
0.0
0.0
0.0
0.0
0.0
0.0
0.0
0.0
0.0
0.0
0.0
0.0
0.0
0.0
0.0
0.0
0.0
0.0
0.0
0.0
0.0
0.0
0.0
0.0
0.0
0.0
0.0
0.0
0.0
0.0
0.0
0.0
0.0
0.0
0.0
0.0
0.0
0.0
0.0
0.0
0.0
0.0
0.0
0.0
0.0
0.0
0.0
0.0
0.0
0.0
0.0
0.0
0.0
0.0
0.0
0.0
0.0
0.0
0.0
0.0
0.0
0.0
0.0
0.0
0.0
0.0
0.0
0.0
0.0
0.0
0.0
0.0
0.0
0.0
0.0
0.0
0.0
0.0
0.0
0.0
0.0
0.0
0.0
0.0
1.0
0.0
0.0
0.0
0.0
0.0
0.0
0.0
0.0
0.0
0.0
0.0
0.0
0.0
0.0
0.0
0.0
0.0
0.45751863
0.33764449
0.08500988
0.03757508
0.04411307
0.03653126
0.09050139
0.06559995
0.45751863
0.0002175
0.0
0.0
0.0
0.0
0.0
0.0
0.0
0.0
0.45751863
0.12398239
0.05897044
0.05282002
0.08669495
0.06920077
0.06036638
0.18090843
0.40410088
0.35547165
0.24397616
0.06142669
0.02715111
0.03187535
0.02639686
0.06539476
0.04740141
0.35547165
0.05100459
0.07143487
0.10357158
0.08324756
0.09368977
0.08273867
0.10463851
0.06639732
0.04046498
0.35547165
0.08958756
0.04261104
0.03816684
0.0626443
0.0500033
0.04361972
0.13072135
0.29199642
0.35385517
0.22223409
0.17523462
0.12861184
0.2196717
0.08612424
0.07904411
0.14909149
0.25038737
0.05218778
0.07309201
0.10597422
0.08517872
0.09586317
0.08465803
0.1070659
0.06793759
0.04140368
0.29420801
0.03456941
0.02984925
0.03768498
0.08679015
0.06970922
0.03472021
0.08076855
0.29420801
0.29420801
0.22738945
0.17929969
0.13159535
0.22476761
0.08812214
0.08087776
0.15255009
0.25619582
0.29420801
0.29420801
0.29011858
0.04492645
0.17306306
0.0998257
0.03084774
0.11983193
0.29420801
0.37326553
0.04923362
0.04251118
0.0536708
0.1236062
0.0992796
0.04944839
0.11503026
0.37326553
0.0
0.0
0.0
0.0
0.0
0.0
0.0
0.0
0.0
0.37326553
0.37326553
0.37326553
0.06398408
0.24647575
0.14217137
0.04393323
0.17066417
0.37326553
0.0
0.0
0.0
0.0
0.0
0.0
0.0
0.0
0.0
0.0
0.0
0.0
0.0
0.0
0.0
0.0
0.0
0.0
0.0
0.0
0.0
0.0
0.0
0.0
0.0
0.0
0.0
0.0
0.0
0.0
0.0
0.0
0.0
0.0
0.0
0.0
0.0
0.0
0.0
0.0
0.0
0.0
0.0
0.0
0.0
0.0
0.0
0.0
0.0
0.0
0.0
0.0
0.0
0.0
0.0
0.0
0.0
0.0
0.0
0.0
0.0
0.0
0.0
0.0
0.0
0.0
0.0
0.0
0.0
0.0
0.0
0.0
0.0
0.0
0.0
0.0
0.0
0.0
0.0
0.0
0.0
0.0
0.0
0.0
0.0
0.0
0.0
0.0
0.0
0.0
0.70710678
0.0
0.0
0.0
0.0
0.0
0.0
0.0
0.0
0.0
0.0
0.0
0.0
0.0
0.0
0.0
0.0
0.0
0.70710678
0.0
0.0
0.0
0.0
0.0
0.0
0.0
0.0
0.00023845
0.0
0.0
0.0
0.0
0.0
0.0
0.0
0.0
0.42564751
0.1359189
0.06464787
0.05790531
0.09504158
0.07586313
0.0661782
0.19832554
0.42564751
0.00047689
0.0
0.0
0.0
0.0
0.0
0.0
0.0
0.0
0.42564751
0.42564751
0.08784228
0.03926733
0.01556118
0.00643788
0.00324624
0.00783284
0.42564751
0.31178801
0.08455776
0.04021869
0.03602401
0.0591272
0.04719591
0.04117073
0.12338214
0.27560258
0.31178801
0.20975699
0.16539626
0.12139106
0.20733846
0.08128889
0.07460626
0.1407209
0.23632964
0.31178801
0.31178801
0.05464837
0.02442896
0.00968091
0.00400513
0.00201955
0.00487296
0.31178801
0.31178801
0.03126489
0.00202413
0.00222059
0.00731298
0.00796005
0.01387587
0.07312776
0.28424341
0.27759525
0.2199184
0.17340867
0.12727169
0.21738271
0.08522682
0.07822046
0.14753794
0.24777832
0.27759525
0.27759525
0.27759525
0.04345036
0.16737695
0.09654585
0.02983421
0.11589476
0.27759525
0.27759525
0.03277948
0.00212218
0.00232817
0.00766724
0.00834567
0.01454806
0.07667034
0.27759525
0.27759525
0.07880663
0.01834285
0.00459632
0.02366654
0.00083959
0.00619056
0.00452692
0.27759525
0.37050888
0.37050888
0.37050888
0.07403782
0.28520419
0.16451059
0.0508364
0.19748042
0.37050888
0.0
0.0
0.0
0.0
0.0
0.0
0.0
0.0
0.0
0.37050888
0.1342836
0.03125555
0.00783197
0.04032692
0.00143063
0.01054848
0.0077137
0.37050888
0.0
0.0
0.0
0.0
0.0
0.0
0.0
0.0
0.0
0.0
0.0
0.0
0.0
0.0
0.0
0.0
0.0
0.0
0.0
0.0
0.0
0.0
0.0
0.0
0.0
0.0
0.0
0.0
0.0
0.0
0.0
0.0
0.0
0.0
0.0
0.0
0.0
0.0
0.0
0.0
0.0
0.0
0.0
0.0
0.0
0.0
0.0
0.0
0.0
0.0
0.0
0.0
0.0
0.0
0.0
0.0
0.0
0.0
0.0
0.0
0.0
0.0
0.0
0.0
0.0
0.0
0.0
0.0
0.0
0.0
0.0
0.0
0.0
0.0
0.0
0.0
0.0
0.0
0.0
0.0
0.0
0.0
0.0
0.0
0.0
0.0
0.0
0.0
0.0
0.0
0.00241703
0.0
0.0
0.0
0.0
0.0
0.0
0.0
0.0
0.0
0.0
0.0
0.0
0.0
0.0
0.0
0.0
0.0
0.5662106
0.5662106
0.10290121
0.01114194
0.35956689
0.28489092
0.01887758
0.02065109
0.36994385
0.0004052
0.0
0.0
0.0
0.0
0.0
0.0
0.0
0.0
0.37160923
0.37160923
0.074638
0.03336474
0.01322205
0.00547015
0.00275828
0.00665543
0.37160923
0.37160923
0.26015829
0.01725098
0.0018679
0.06027995
0.04776083
0.00316475
0.00346207
0.06201961
0.37160923
0.37160923
0.17202369
0.04887627
0.18630319
0.10655696
0.07159676
0.01055838
0.05873768
0.32937874
0.32937874
0.06006583
0.02685068
0.01064061
0.00440217
0.00221976
0.00535603
0.32937874
0.32937874
0.03436427
0.00222479
0.00244073
0.00803793
0.00874916
0.01525142
0.08037713
0.31242129
0.32937874
0.32937874
0.13843813
0.03933377
0.14992973
0.08575299
0.05761835
0.00849698
0.04726986
0.32937874
0.01262719
0.00588115
0.0
0.10191551
0.00532136
0.06574355
0.12023261
0.21185098
0.32726353
0.05170077
0.00334717
0.00367206
0.01209301
0.01316304
0.02294564
0.12092675
0.32726353
0.32726353
0.12429617
0.0289309
0.00724946
0.03732758
0.00132423
0.00976393
0.00713999
0.32726353
0.32726353
0.01899751
0.00884814
0.0
0.15333108
0.00800594
0.09891065
0.18088902
0.31872813
0.32726353
0.06356854
0.06294114
0.04372807
0.12976817
0.05667972
0.08157574
0.09754735
0.32726353
0.435973
0.24051996
0.05598289
0.01402811
0.07223093
0.00256245
0.01889375
0.01381628
0.435973
0.0
0.0
0.0
0.0
0.0
0.0
0.0
0.0
0.0
0.435973
0.12300863
0.12179459
0.08461622
0.25110857
0.10967838
0.15785356
0.1887595
0.435973
0.0
0.0
0.0
0.0
0.0
0.0
0.0
0.0
0.0
0.0
0.0
0.0
0.0
0.0
0.0
0.0
0.0
0.0
0.0
0.0
0.0
0.0
0.0
0.0
0.0
0.0
0.0
0.0
0.0
0.0
0.0
0.0
0.0
0.0
0.0
0.0
0.0
0.0
0.0
0.0
0.0
0.0
0.0
0.0
0.0
0.0
0.0
0.0
0.0
0.0
0.0
0.0
0.0
0.0
0.0
0.0
0.0
0.0
0.0
0.0
0.0
0.0
0.0
0.0
0.0
0.0
0.0
0.0
0.0
0.0
0.0
0.0
0.0
0.0
0.0
0.0
0.0
0.0
0.0
0.0
0.0
0.0
0.0
0.0
0.0
0.0
0.0
0.0
0.0
0.0
0.41749876
0.41749876
0.06333597
0.0068579
0.22131439
0.17535113
0.0116192
0.0127108
0.22770143
0.0
0.0
0.0
0.0
0.0
0.0
0.0
0.0
0.0
0.41749876
0.41749876
0.24803583
0.03879665
0.01419458
0.00599706
0.01961449
0.07032219
0.3134545
0.34938842
0.34938842
0.02535716
0.00274562
0.08860531
0.07020349
0.00465186
0.00508889
0.09116243
0.34938842
0.34938842
0.25285707
0.07184307
0.27384647
0.15662773
0.10523984
0.01551972
0.08633833
0.34938842
0.19483423
0.0993035
0.01553261
0.00568294
0.00240098
0.00785285
0.02815416
0.12549448
0.24323249
0.10044227
0.18887038
0.00987616
0.00268024
0.00643699
0.0082188
0.02641204
0.09959738
0.3415625
0.3415625
0.23922372
0.0679695
0.25908143
0.1481828
0.0995656
0.01468294
0.08168321
0.3415625
0.02182003
0.01016273
0.0
0.17611194
0.00919541
0.1136061
0.20776424
0.3415625
0.23011808
0.0950267
0.17868701
0.00934367
0.00253573
0.00608993
0.00777566
0.02498798
0.09422737
0.23756144
0.0218086
0.00837697
0.00945135
0.01016169
0.01829075
0.00848028
0.00227152
0.3415625
0.31954783
0.02717512
0.01265688
0.0
0.2193335
0.01145216
0.14148742
0.25875394
0.31954783
0.31954783
0.09093206
0.09003459
0.06255112
0.18562777
0.08107789
0.11669058
0.13953727
0.31954783
0.295864
0.02716088
0.01043285
0.01177091
0.01265558
0.02277968
0.01056152
0.002829
0.31954783
0.31954783
0.17385138
0.03332302
0.00427578
0.00529246
0.00424812
0.01368061
0.06088291
0.17946436
0.40412518
0.16139517
0.15980226
0.11102188
0.32947046
0.14390503
0.20711393
0.2476645
0.40412518
0.0
0.0
0.0
0.0
0.0
0.0
0.0
0.0
0.0
0.40412518
0.30856856
0.05914498
0.00758908
0.00939358
0.00753999
0.0242817
0.10806099
0.31853102
0.0
0.0
0.0
0.0
0.0
0.0
0.0
0.0
0.0
0.0
0.0
0.0
0.0
0.0
0.0
0.0
0.0
0.0
0.0
0.0
0.0
0.0
0.0
0.0
0.0
0.0
0.0
0.0
0.0
0.0
0.0
0.0
0.0
0.0
0.0
0.0
0.0
0.0
0.0
0.0
0.0
0.0
0.0
0.0
0.0
0.0
0.0
0.0
0.0
0.0
0.0
0.0
0.0
0.0
0.0
0.0
0.0
0.0
0.0
0.0
0.0
0.0
0.0
0.0
0.0
0.0
0.0
0.0
0.0
0.0
0.0
0.0
0.0
0.0
0.70710678
0.0
0.70710678
0.0
0.0
0.0
0.0
0.0
0.0
0.0
0.0
0.0
0.0
0.0
0.0
0.0
0.36444919
0.36444919
0.23149057
0.03620872
0.01324773
0.00559702
0.01830611
0.06563134
0.29254547
0.0
0.0
0.08436108
0.0
0.07090785
0.0
0.0
0.0
0.0
0.36444919
0.36444919
0.36444919
0.29902288
0.115884
0.05974289
0.06438448
0.09843247
0.24116525
0.29664219
0.29664219
0.16599775
0.02596462
0.00949971
0.00401352
0.01312698
0.04706306
0.20977913
0.29664219
0.16790134
0.29664219
0.01650919
0.00448035
0.01076021
0.01373871
0.04415091
0.16648902
0.29664219
0.29664219
0.29664219
0.21442396
0.08309835
0.04284055
0.04616896
0.07058416
0.17293529
0.29664219
0.10166606
0.07891067
0.02093549
0.02050841
0.0438318
0.12664573
0.03886871
0.1849583
0.29849172
0.18699412
0.29849172
0.01838652
0.00498983
0.0119838
0.015301
0.0491715
0.1854212
0.29849172
0.04291509
0.01648425
0.01859843
0.01999623
0.03599265
0.01668755
0.00446992
0.29849172
0.29849172
0.11322694
0.08788394
0.02331615
0.02284051
0.0488161
0.14104716
0.04328864
0.2059907
0.29849172
0.29849172
0.10201374
0.03292123
0.03277774
0.1567366
0.18398715
0.2260239
0.29849172
0.29817663
0.03445967
0.01323641
0.01493404
0.01605644
0.02890114
0.01339965
0.00358923
0.29817663
0.29817663
0.22056945
0.04227772
0.00542479
0.00671467
0.0053897
0.01735692
0.07724362
0.22769077
0.29817663
0.24560446
0.08191431
0.02643487
0.02631965
0.12585529
0.14773676
0.18149114
0.24310891
0.29817663
0.07337982
0.0
0.01509852
0.05103627
0.09134096
0.22676146
0.29817663
0.29817663
0.36463016
0.36463016
0.07079526
0.00908396
0.01124392
0.0090252
0.02906467
0.12934667
0.36463016
0.0
0.0
0.0
0.0
0.0
0.0
0.0
0.0
0.0
0.36463016
0.12287661
0.0
0.0252829
0.0854617
0.15295306
0.36463016
0.36463016
0.36463016
0.0
0.0
0.0
0.0
0.0
0.0
0.0
0.0
0.0
0.0
0.0
0.0
0.0
0.0
0.0
0.0
0.0
0.0
0.0
0.0
0.0
0.0
0.0
0.0
0.0
0.0
0.0
0.0
0.0
0.0
0.0
0.0
0.0
0.0
0.0
0.0
0.0
0.0
0.0
0.0
0.0
0.0
0.0
0.0
0.0
0.0
0.0
0.0
0.0
0.0
0.0
0.0
0.0
0.0
0.0
0.0
0.33453634
0.0
0.28118717
0.0
0.0
0.0
0.0
0.0
0.0
0.0
0.0
0.0
0.0
0.0
0.0
0.0
0.37863818
0.37863818
0.37863818
0.03077914
0.25985604
0.2446442
0.37863818
0.22191587
0.24079407
0.0
0.0
0.08138888
0.0
0.06840963
0.0
0.0
0.0
0.0
0.33037819
0.33037819
0.33037819
0.28848774
0.11180119
0.05763803
0.0621161
0.09496451
0.23266855
0.17821951
0.21448518
0.19606567
0.00748821
0.06322001
0.05951914
0.26587733
0.0539896
0.05858245
0.06499424
0.15811374
0.33037819
0.18500882
0.33037819
0.05740293
0.07538623
0.0102463
0.05926819
0.32317545
0.32317545
0.32317545
0.27474858
0.10647668
0.05489303
0.05915783
0.09044184
0.22158776
0.32317545
0.13026811
0.10111087
0.02682534
0.02627812
0.05616315
0.16227541
0.04980377
0.23699324
0.0618989
0.15058361
0.31735546
0.17619782
0.32317545
0.05466913
0.07179598
0.00975832
0.05644555
0.14751606
0.0401417
0.03761116
0.07276552
0.0722424
0.00263
0.02095683
0.00142632
0.07065798
0.3123671
0.17026711
0.1321571
0.03506209
0.03434685
0.07340812
0.21210229
0.06509609
0.30976234
0.3123671
0.3123671
0.15340506
0.04950591
0.04929014
0.23569557
0.2766741
0.3123671
0.3123671
0.19281107
0.05246727
0.04915972
0.09510827
0.09442453
0.00343755
0.02739165
0.00186427
0.09235361
0.04428796
0.00821126
0.0
0.0
0.11846776
0.03421422
0.22721762
0.03373249
0.1121873
0.30868506
0.30868506
0.11059354
0.03569005
0.03553449
0.16991881
0.19946126
0.24503347
0.30868506
0.30868506
0.09907101
0.0
0.02038469
0.06890471
0.12332058
0.3061535
0.30868506
0.30868506
0.03192829
0.0059197
0.0
0.0
0.08540636
0.02466588
0.16380685
0.02431859
0.08087862
0.08600987
0.13103561
0.09099197
0.08474788
0.27699453
0.01122863
0.01148313
0.01935549
0.02424725
0.39935479
0.16683334
0.0
0.03432736
0.11603396
0.20766905
0.39935479
0.39935479
0.39935479
0.0
0.0
0.0
0.0
0.0
0.0
0.0
0.0
0.0
0.14483866
0.22066099
0.15322842
0.1427135
0.39935479
0.01890876
0.01933734
0.03259421
0.04083182
0.0
0.0
0.0
0.0
0.0
0.0
0.0
0.0
0.0
0.0
0.0
0.0
0.0
0.0
0.0
0.0
0.0
0.0
0.0
0.0
0.0
0.0
0.0
0.0
0.0
0.0
0.0
0.0
0.0
0.0
0.0
0.0
0.0
0.0
0.0
0.0
0.0
0.0
0.0
0.0
0.0
0.0
0.0
0.0
0.0
