0.985468
0.000000
0.000000
1.287400
0.000000
0.000000
0.498083
0.000000
0.063290
0.000000
0.000000
0.000000
0.447563
0.012945
1.020557
0.121033
0.000000
0.000000
0.000000
0.000000
0.000000
0.000000
0.551701
0.000000
0.631437
1.759063
0.000000
0.239555
0.000000
0.000000
0.000000
0.845704
0.415176
0.875322
0.678633
0.000000
0.883028
0.000000
0.567609
0.489610
0.812573
0.279582
0.276985
0.000000
0.000000
0.000000
1.005040
1.474152
0.000000
0.000000
0.000000
0.500416
0.462541
0.738035
0.000000
0.095204
0.583975
0.000000
1.320944
0.168741
0.000000
0.000000
0.000000
0.000000
0.000000
0.000000
0.000000
1.560284
0.000000
0.000000
0.000000
0.000000
0.000000
0.000000
1.298516
0.796081
0.125347
0.561073
1.107791
0.371898
0.861874
0.303141
0.000000
0.000000
0.000000
0.003982
0.000000
0.000000
0.000000
0.274183
0.781616
0.000000
0.000000
0.196751
0.000000
0.364084
0.000000
0.000000
0.073519
0.000000
0.000000
0.000000
0.000000
0.646225
1.185533
0.348876
0.191436
0.000000
0.000000
0.000000
0.079184
0.000000
0.216528
0.201129
0.000000
1.712577
0.000000
0.518150
0.817376
0.428082
1.373674
0.892374
0.000000
0.000000
1.451758
0.000000
0.501559
1.610250
0.325962
0.807422
0.000000
1.185214
0.850562
0.000000
0.025022
0.458345
0.797611
0.000000
0.284561
0.000000
1.311893
0.000000
0.000000
0.650833
0.000000
1.324390
0.000000
0.000000
0.111385
1.768113
0.706581
0.000000
0.000000
0.000000
0.000000
0.000000
0.013199
1.619816
0.000000
0.437100
0.000000
0.000000
0.074261
0.085468
0.809580
0.000000
0.000000
0.421709
0.000000
1.036330
0.778453
1.161309
1.322539
0.000000
0.000000
0.621852
0.000000
0.356292
0.703467
0.000000
0.000000
0.000000
0.000000
0.000000
0.000000
0.000000
0.000000
1.130435
0.923193
0.387382
0.963208
0.000000
0.188971
0.000000
0.000000
1.167861
0.000000
0.000000
0.000000
0.241574
0.000000
0.000000
0.719545
0.000000
0.000000
0.336218
0.000000
1.560406
0.000000
0.000000
0.000000
1.535061
0.000000
0.747790
0.168126
0.000000
1.273866
0.000000
0.000000
1.507831
0.000000
0.019090
0.000000
0.000000
0.225742
1.342370
0.313179
0.000000
0.000000
0.616514
0.000000
0.000000
0.000000
1.294727
0.000000
1.157335
0.000000
0.000000
0.000000
0.683834
0.000000
0.000000
0.000000
0.013773
0.000000
0.000000
0.763936
1.530344
1.202057
0.000000
0.000000
0.000000
0.000000
0.000000
0.488334
1.390831
